,Open,High,Low,Close,Adj Close,Volume,Call Price,Put Price,%K,%D,SMA 183,SMA 365,SMA 1095
2011-03-18,,,,,,,,,,,,,
2011-03-19,,,,,,,,,,,,,
2011-03-20,,,,,,,,,,,,,
2011-03-21,,,,,,,,,,,,,
2011-03-22,,,,,,,,,,,,,
2011-03-23,,,,,,,,,,,,,
2011-03-24,,,,,,,,,,,,,
2011-03-25,,,,,,,,,,,,,
2011-03-26,,,,,,,,,,,,,
2011-03-27,,,,,,,,,,,,,
2011-03-28,,,,,,,,,,,,,
2011-03-29,,,,,,,,,,,,,
2011-03-30,,,,,,,,,,,,,
2011-03-31,,,,,,,,,,,,,
2011-04-01,,,,,,,,,,,,,
2011-04-02,,,,,,,,,,,,,
2011-04-03,,,,,,,,,,,,,
2011-04-04,,,,,,,,,,,,,
2011-04-05,,,,,,,,,,,,,
2011-04-06,,,,,,,,,,,,,
2011-04-07,,,,,,,,,,,,,
2011-04-08,,,,,,,,,,,,,
2011-04-09,,,,,,,,,,,,,
2011-04-10,,,,,,,,,,,,,
2011-04-11,,,,,,,,,,,,,
2011-04-12,,,,,,,,,,,,,
2011-04-13,,,,,,,,,,,,,
2011-04-14,,,,,,,,,,,,,
2011-04-15,,,,,,,,,,,,,
2011-04-16,,,,,,,,,,,,,
2011-04-17,,,,,,,,,,,,,
2011-04-18,,,,,,,,,,,,,
2011-04-19,,,,,,,,,,,,,
2011-04-20,,,,,,,,,,,,,
2011-04-21,,,,,,,,,,,,,
2011-04-22,,,,,,,,,,,,,
2011-04-23,,,,,,,,,,,,,
2011-04-24,,,,,,,,,,,,,
2011-04-25,,,,,,,,,,,,,
2011-04-26,,,,,,,,,,,,,
2011-04-27,,,,,,,,,,,,,
2011-04-28,,,,,,,,,,,,,
2011-04-29,,,,,,,,,,,,,
2011-04-30,,,,,,,,,,,,,
2011-05-01,,,,,,,,,,,,,
2011-05-02,,,,,,,,,,,,,
2011-05-03,,,,,,,,,,,,,
2011-05-04,,,,,,,,,,,,,
2011-05-05,,,,,,,,,,,,,
2011-05-06,,,,,,,,,,,,,
2011-05-07,,,,,,,,,,,,,
2011-05-08,,,,,,,,,,,,,
2011-05-09,,,,,,,,,,,,,
2011-05-10,,,,,,,,,,,,,
2011-05-11,,,,,,,,,,,,,
2011-05-12,,,,,,,,,,,,,
2011-05-13,,,,,,,,,,,,,
2011-05-14,,,,,,,,,,,,,
2011-05-15,,,,,,,,,,,,,
2011-05-16,,,,,,,,,,,,,
2011-05-17,,,,,,,,,,,,,
2011-05-18,,,,,,,,,,,,,
2011-05-19,,,,,,,,,,,,,
2011-05-20,,,,,,,,,,,,,
2011-05-21,,,,,,,,,,,,,
2011-05-22,,,,,,,,,,,,,
2011-05-23,,,,,,,,,,,,,
2011-05-24,,,,,,,,,,,,,
2011-05-25,,,,,,,,,,,,,
2011-05-26,,,,,,,,,,,,,
2011-05-27,,,,,,,,,,,,,
2011-05-28,,,,,,,,,,,,,
2011-05-29,,,,,,,,,,,,,
2011-05-30,,,,,,,,,,,,,
2011-05-31,,,,,,,,,,,,,
2011-06-01,,,,,,,,,,,,,
2011-06-02,,,,,,,,,,,,,
2011-06-03,,,,,,,,,,,,,
2011-06-04,,,,,,,,,,,,,
2011-06-05,,,,,,,,,,,,,
2011-06-06,,,,,,,,,,,,,
2011-06-07,,,,,,,,,,,,,
2011-06-08,,,,,,,,,,,,,
2011-06-09,,,,,,,,,,,,,
2011-06-10,,,,,,,,,,,,,
2011-06-11,,,,,,,,,,,,,
2011-06-12,,,,,,,,,,,,,
2011-06-13,,,,,,,,,,,,,
2011-06-14,,,,,,,,,,,,,
2011-06-15,,,,,,,,,,,,,
2011-06-16,,,,,,,,,,,,,
2011-06-17,,,,,,,,,,,,,
2011-06-18,,,,,,,,,,,,,
2011-06-19,,,,,,,,,,,,,
2011-06-20,,,,,,,,,,,,,
2011-06-21,,,,,,,,,,,,,
2011-06-22,,,,,,,,,,,,,
2011-06-23,,,,,,,,,,,,,
2011-06-24,,,,,,,,,,,,,
2011-06-25,,,,,,,,,,,,,
2011-06-26,,,,,,,,,,,,,
2011-06-27,,,,,,,,,,,,,
2011-06-28,,,,,,,,,,,,,
2011-06-29,,,,,,,,,,,,,
2011-06-30,,,,,,,,,,,,,
2011-07-01,,,,,,,,,,,,,
2011-07-02,,,,,,,,,,,,,
2011-07-03,,,,,,,,,,,,,
2011-07-04,,,,,,,,,,,,,
2011-07-05,,,,,,,,,,,,,
2011-07-06,,,,,,,,,,,,,
2011-07-07,,,,,,,,,,,,,
2011-07-08,,,,,,,,,,,,,
2011-07-09,,,,,,,,,,,,,
2011-07-10,,,,,,,,,,,,,
2011-07-11,,,,,,,,,,,,,
2011-07-12,,,,,,,,,,,,,
2011-07-13,,,,,,,,,,,,,
2011-07-14,,,,,,,,,,,,,
2011-07-15,,,,,,,,,,,,,
2011-07-16,,,,,,,,,,,,,
2011-07-17,,,,,,,,,,,,,
2011-07-18,,,,,,,,,,,,,
2011-07-19,,,,,,,,,,,,,
2011-07-20,,,,,,,,,,,,,
2011-07-21,,,,,,,,,,,,,
2011-07-22,,,,,,,,,,,,,
2011-07-23,,,,,,,,,,,,,
2011-07-24,,,,,,,,,,,,,
2011-07-25,,,,,,,,,,,,,
2011-07-26,,,,,,,,,,,,,
2011-07-27,,,,,,,,,,,,,
2011-07-28,,,,,,,,,,,,,
2011-07-29,,,,,,,,,,,,,
2011-07-30,,,,,,,,,,,,,
2011-07-31,,,,,,,,,,,,,
2011-08-01,,,,,,,,,,,,,
2011-08-02,,,,,,,,,,,,,
2011-08-03,,,,,,,,,,,,,
2011-08-04,,,,,,,,,,,,,
2011-08-05,,,,,,,,,,,,,
2011-08-06,,,,,,,,,,,,,
2011-08-07,,,,,,,,,,,,,
2011-08-08,,,,,,,,,,,,,
2011-08-09,,,,,,,,,,,,,
2011-08-10,,,,,,,,,,,,,
2011-08-11,,,,,,,,,,,,,
2011-08-12,,,,,,,,,,,,,
2011-08-13,,,,,,,,,,,,,
2011-08-14,,,,,,,,,,,,,
2011-08-15,,,,,,,,,,,,,
2011-08-16,,,,,,,,,,,,,
2011-08-17,,,,,,,,,,,,,
2011-08-18,,,,,,,,,,,,,
2011-08-19,,,,,,,,,,,,,
2011-08-20,,,,,,,,,,,,,
2011-08-21,,,,,,,,,,,,,
2011-08-22,,,,,,,,,,,,,
2011-08-23,,,,,,,,,,,,,
2011-08-24,,,,,,,,,,,,,
2011-08-25,,,,,,,,,,,,,
2011-08-26,,,,,,,,,,,,,
2011-08-27,,,,,,,,,,,,,
2011-08-28,,,,,,,,,,,,,
2011-08-29,,,,,,,,,,,,,
2011-08-30,,,,,,,,,,,,,
2011-08-31,,,,,,,,,,,,,
2011-09-01,,,,,,,,,,,,,
2011-09-02,,,,,,,,,,,,,
2011-09-03,,,,,,,,,,,,,
2011-09-04,,,,,,,,,,,,,
2011-09-05,,,,,,,,,,,,,
2011-09-06,,,,,,,,,,,,,
2011-09-07,,,,,,,,,,,,,
2011-09-08,,,,,,,,,,,,,
2011-09-09,,,,,,,,,,,,,
2011-09-10,,,,,,,,,,,,,
2011-09-11,,,,,,,,,,,,,
2011-09-12,,,,,,,,,,,,,
2011-09-13,,,,,,,,,,,,,
2011-09-14,,,,,,,,,,,,,
2011-09-15,,,,,,,,,,,,,
2011-09-16,,,,,,,,,,,,,
2011-09-17,,,,,,,,,,,,,
2011-09-18,,,,,,,,,,,,,
2011-09-19,,,,,,,,,,,,,
2011-09-20,,,,,,,,,,,,,
2011-09-21,,,,,,,,,,,,,
2011-09-22,,,,,,,,,,,,,
2011-09-23,,,,,,,,,,,,,
2011-09-24,,,,,,,,,,,,,
2011-09-25,,,,,,,,,,,,,
2011-09-26,,,,,,,,,,,,,
2011-09-27,,,,,,,,,,,,,
2011-09-28,,,,,,,,,,,,,
2011-09-29,,,,,,,,,,,,,
2011-09-30,,,,,,,,,,,,,
2011-10-01,,,,,,,,,,,,,
2011-10-02,,,,,,,,,,,,,
2011-10-03,,,,,,,,,,,,,
2011-10-04,,,,,,,,,,,,,
2011-10-05,,,,,,,,,,,,,
2011-10-06,,,,,,,,,,,,,
2011-10-07,,,,,,,,,,,,,
2011-10-08,,,,,,,,,,,,,
2011-10-09,,,,,,,,,,,,,
2011-10-10,,,,,,,,,,,,,
2011-10-11,,,,,,,,,,,,,
2011-10-12,,,,,,,,,,,,,
2011-10-13,,,,,,,,,,,,,
2011-10-14,,,,,,,,,,,,,
2011-10-15,,,,,,,,,,,,,
2011-10-16,,,,,,,,,,,,,
2011-10-17,,,,,,,,,,,,,
2011-10-18,,,,,,,,,,,,,
2011-10-19,,,,,,,,,,,,,
2011-10-20,,,,,,,,,,,,,
2011-10-21,,,,,,,,,,,,,
2011-10-22,,,,,,,,,,,,,
2011-10-23,,,,,,,,,,,,,
2011-10-24,,,,,,,,,,,,,
2011-10-25,,,,,,,,,,,,,
2011-10-26,,,,,,,,,,,,,
2011-10-27,,,,,,,,,,,,,
2011-10-28,,,,,,,,,,,,,
2011-10-29,,,,,,,,,,,,,
2011-10-30,,,,,,,,,,,,,
2011-10-31,,,,,,,,,,,,,
2011-11-01,,,,,,,,,,,,,
2011-11-02,,,,,,,,,,,,,
2011-11-03,,,,,,,,,,,,,
2011-11-04,,,,,,,,,,,,,
2011-11-05,,,,,,,,,,,,,
2011-11-06,,,,,,,,,,,,,
2011-11-07,,,,,,,,,,,,,
2011-11-08,,,,,,,,,,,,,
2011-11-09,,,,,,,,,,,,,
2011-11-10,,,,,,,,,,,,,
2011-11-11,,,,,,,,,,,,,
2011-11-12,,,,,,,,,,,,,
2011-11-13,,,,,,,,,,,,,
2011-11-14,,,,,,,,,,,,,
2011-11-15,,,,,,,,,,,,,
2011-11-16,,,,,,,,,,,,,
2011-11-17,,,,,,,,,,,,,
2011-11-18,,,,,,,,,,,,,
2011-11-19,,,,,,,,,,,,,
2011-11-20,,,,,,,,,,,,,
2011-11-21,,,,,,,,,,,,,
2011-11-22,,,,,,,,,,,,,
2011-11-23,,,,,,,,,,,,,
2011-11-24,,,,,,,,,,,,,
2011-11-25,,,,,,,,,,,,,
2011-11-26,,,,,,,,,,,,,
2011-11-27,,,,,,,,,,,,,
2011-11-28,,,,,,,,,,,,,
2011-11-29,,,,,,,,,,,,,
2011-11-30,,,,,,,,,,,,,
2011-12-01,,,,,,,,,,,,,
2011-12-02,,,,,,,,,,,,,
2011-12-03,,,,,,,,,,,,,
2011-12-04,,,,,,,,,,,,,
2011-12-05,,,,,,,,,,,,,
2011-12-06,,,,,,,,,,,,,
2011-12-07,,,,,,,,,,,,,
2011-12-08,,,,,,,,,,,,,
2011-12-09,,,,,,,,,,,,,
2011-12-10,,,,,,,,,,,,,
2011-12-11,,,,,,,,,,,,,
2011-12-12,,,,,,,,,,,,,
2011-12-13,,,,,,,,,,,,,
2011-12-14,,,,,,,,,,,,,
2011-12-15,,,,,,,,,,,,,
2011-12-16,,,,,,,,,,,,,
2011-12-17,,,,,,,,,,,,,
2011-12-18,,,,,,,,,,,,,
2011-12-19,,,,,,,,,,,,,
2011-12-20,,,,,,,,,,,,,
2011-12-21,,,,,,,,,,,,,
2011-12-22,,,,,,,,,,,,,
2011-12-23,,,,,,,,,,,,,
2011-12-24,,,,,,,,,,,,,
2011-12-25,,,,,,,,,,,,,
2011-12-26,,,,,,,,,,,,,
2011-12-27,,,,,,,,,,,,,
2011-12-28,,,,,,,,,,,,,
2011-12-29,,,,,,,,,,,,,
2011-12-30,,,,,,,,,,,,,
2011-12-31,,,,,,,,,,,,,
2012-01-01,,,,,,,,,,,,,
2012-01-02,,,,,,,,,,,,,
2012-01-03,,,,,,,,,,,,,
2012-01-04,,,,,,,,,,,,,
2012-01-05,,,,,,,,,,,,,
2012-01-06,,,,,,,,,,,,,
2012-01-07,,,,,,,,,,,,,
2012-01-08,,,,,,,,,,,,,
2012-01-09,,,,,,,,,,,,,
2012-01-10,,,,,,,,,,,,,
2012-01-11,,,,,,,,,,,,,
2012-01-12,,,,,,,,,,,,,
2012-01-13,,,,,,,,,,,,,
2012-01-14,,,,,,,,,,,,,
2012-01-15,,,,,,,,,,,,,
2012-01-16,,,,,,,,,,,,,
2012-01-17,,,,,,,,,,,,,
2012-01-18,,,,,,,,,,,,,
2012-01-19,,,,,,,,,,,,,
2012-01-20,,,,,,,,,,,,,
2012-01-21,,,,,,,,,,,,,
2012-01-22,,,,,,,,,,,,,
2012-01-23,,,,,,,,,,,,,
2012-01-24,,,,,,,,,,,,,
2012-01-25,,,,,,,,,,,,,
2012-01-26,,,,,,,,,,,,,
2012-01-27,,,,,,,,,,,,,
2012-01-28,,,,,,,,,,,,,
2012-01-29,,,,,,,,,,,,,
2012-01-30,,,,,,,,,,,,,
2012-01-31,,,,,,,,,,,,,
2012-02-01,,,,,,,,,,,,,
2012-02-02,,,,,,,,,,,,,
2012-02-03,,,,,,,,,,,,,
2012-02-04,,,,,,,,,,,,,
2012-02-05,,,,,,,,,,,,,
2012-02-06,,,,,,,,,,,,,
2012-02-07,,,,,,,,,,,,,
2012-02-08,,,,,,,,,,,,,
2012-02-09,,,,,,,,,,,,,
2012-02-10,,,,,,,,,,,,,
2012-02-11,,,,,,,,,,,,,
2012-02-12,,,,,,,,,,,,,
2012-02-13,,,,,,,,,,,,,
2012-02-14,,,,,,,,,,,,,
2012-02-15,,,,,,,,,,,,,
2012-02-16,,,,,,,,,,,,,
2012-02-17,,,,,,,,,,,,,
2012-02-18,,,,,,,,,,,,,
2012-02-19,,,,,,,,,,,,,
2012-02-20,,,,,,,,,,,,,
2012-02-21,,,,,,,,,,,,,
2012-02-22,,,,,,,,,,,,,
2012-02-23,,,,,,,,,,,,,
2012-02-24,,,,,,,,,,,,,
2012-02-25,,,,,,,,,,,,,
2012-02-26,,,,,,,,,,,,,
2012-02-27,,,,,,,,,,,,,
2012-02-28,,,,,,,,,,,,,
2012-02-29,,,,,,,,,,,,,
2012-03-01,,,,,,,,,,,,,
2012-03-02,,,,,,,,,,,,,
2012-03-03,,,,,,,,,,,,,
2012-03-04,,,,,,,,,,,,,
2012-03-05,,,,,,,,,,,,,
2012-03-06,,,,,,,,,,,,,
2012-03-07,,,,,,,,,,,,,
2012-03-08,,,,,,,,,,,,,
2012-03-09,,,,,,,,,,,,,
2012-03-10,,,,,,,,,,,,,
2012-03-11,,,,,,,,,,,,,
2012-03-12,,,,,,,,,,,,,
2012-03-13,,,,,,,,,,,,,
2012-03-14,,,,,,,,,,,,,
2012-03-15,,,,,,,,,,,,,
2012-03-16,,,,,,,,,,,,,
2012-03-17,,,,,,,,,,,,,
2012-03-18,,,,,,,,,,,,,
2012-03-19,,,,,,,,,,,,,
2012-03-20,,,,,,,,,,,,,
2012-03-21,,,,,,,,,,,,,
2012-03-22,,,,,,,,,,,,,
2012-03-23,,,,,,,,,,,,,
2012-03-24,,,,,,,,,,,,,
2012-03-25,,,,,,,,,,,,,
2012-03-26,,,,,,,,,,,,,
2012-03-27,,,,,,,,,,,,,
2012-03-28,,,,,,,,,,,,,
2012-03-29,,,,,,,,,,,,,
2012-03-30,,,,,,,,,,,,,
2012-03-31,,,,,,,,,,,,,
2012-04-01,,,,,,,,,,,,,
2012-04-02,,,,,,,,,,,,,
2012-04-03,,,,,,,,,,,,,
2012-04-04,,,,,,,,,,,,,
2012-04-05,,,,,,,,,,,,,
2012-04-06,,,,,,,,,,,,,
2012-04-07,,,,,,,,,,,,,
2012-04-08,,,,,,,,,,,,,
2012-04-09,,,,,,,,,,,,,
2012-04-10,,,,,,,,,,,,,
2012-04-11,,,,,,,,,,,,,
2012-04-12,,,,,,,,,,,,,
2012-04-13,,,,,,,,,,,,,
2012-04-14,,,,,,,,,,,,,
2012-04-15,,,,,,,,,,,,,
2012-04-16,,,,,,,,,,,,,
2012-04-17,,,,,,,,,,,,,
2012-04-18,,,,,,,,,,,,,
2012-04-19,,,,,,,,,,,,,
2012-04-20,,,,,,,,,,,,,
2012-04-21,,,,,,,,,,,,,
2012-04-22,,,,,,,,,,,,,
2012-04-23,,,,,,,,,,,,,
2012-04-24,,,,,,,,,,,,,
2012-04-25,,,,,,,,,,,,,
2012-04-26,,,,,,,,,,,,,
2012-04-27,,,,,,,,,,,,,
2012-04-28,,,,,,,,,,,,,
2012-04-29,,,,,,,,,,,,,
2012-04-30,,,,,,,,,,,,,
2012-05-01,,,,,,,,,,,,,
2012-05-02,,,,,,,,,,,,,
2012-05-03,,,,,,,,,,,,,
2012-05-04,,,,,,,,,,,,,
2012-05-05,,,,,,,,,,,,,
2012-05-06,,,,,,,,,,,,,
2012-05-07,,,,,,,,,,,,,
2012-05-08,,,,,,,,,,,,,
2012-05-09,,,,,,,,,,,,,
2012-05-10,,,,,,,,,,,,,
2012-05-11,,,,,,,,,,,,,
2012-05-12,,,,,,,,,,,,,
2012-05-13,,,,,,,,,,,,,
2012-05-14,,,,,,,,,,,,,
2012-05-15,,,,,,,,,,,,,
2012-05-16,,,,,,,,,,,,,
2012-05-17,,,,,,,,,,,,,
2012-05-18,,,,,,,,,,,,,
2012-05-19,,,,,,,,,,,,,
2012-05-20,,,,,,,,,,,,,
2012-05-21,,,,,,,,,,,,,
2012-05-22,,,,,,,,,,,,,
2012-05-23,,,,,,,,,,,,,
2012-05-24,,,,,,,,,,,,,
2012-05-25,,,,,,,,,,,,,
2012-05-26,,,,,,,,,,,,,
2012-05-27,,,,,,,,,,,,,
2012-05-28,,,,,,,,,,,,,
2012-05-29,,,,,,,,,,,,,
2012-05-30,,,,,,,,,,,,,
2012-05-31,,,,,,,,,,,,,
2012-06-01,,,,,,,,,,,,,
2012-06-02,,,,,,,,,,,,,
2012-06-03,,,,,,,,,,,,,
2012-06-04,,,,,,,,,,,,,
2012-06-05,,,,,,,,,,,,,
2012-06-06,,,,,,,,,,,,,
2012-06-07,,,,,,,,,,,,,
2012-06-08,,,,,,,,,,,,,
2012-06-09,,,,,,,,,,,,,
2012-06-10,,,,,,,,,,,,,
2012-06-11,,,,,,,,,,,,,
2012-06-12,,,,,,,,,,,,,
2012-06-13,,,,,,,,,,,,,
2012-06-14,,,,,,,,,,,,,
2012-06-15,,,,,,,,,,,,,
2012-06-16,,,,,,,,,,,,,
2012-06-17,,,,,,,,,,,,,
2012-06-18,,,,,,,,,,,,,
2012-06-19,,,,,,,,,,,,,
2012-06-20,,,,,,,,,,,,,
2012-06-21,,,,,,,,,,,,,
2012-06-22,,,,,,,,,,,,,
2012-06-23,,,,,,,,,,,,,
2012-06-24,,,,,,,,,,,,,
2012-06-25,,,,,,,,,,,,,
2012-06-26,,,,,,,,,,,,,
2012-06-27,,,,,,,,,,,,,
2012-06-28,,,,,,,,,,,,,
2012-06-29,,,,,,,,,,,,,
2012-06-30,,,,,,,,,,,,,
2012-07-01,,,,,,,,,,,,,
2012-07-02,,,,,,,,,,,,,
2012-07-03,,,,,,,,,,,,,
2012-07-04,,,,,,,,,,,,,
2012-07-05,,,,,,,,,,,,,
2012-07-06,,,,,,,,,,,,,
2012-07-07,,,,,,,,,,,,,
2012-07-08,,,,,,,,,,,,,
2012-07-09,,,,,,,,,,,,,
2012-07-10,,,,,,,,,,,,,
2012-07-11,,,,,,,,,,,,,
2012-07-12,,,,,,,,,,,,,
2012-07-13,,,,,,,,,,,,,
2012-07-14,,,,,,,,,,,,,
2012-07-15,,,,,,,,,,,,,
2012-07-16,,,,,,,,,,,,,
2012-07-17,,,,,,,,,,,,,
2012-07-18,,,,,,,,,,,,,
2012-07-19,,,,,,,,,,,,,
2012-07-20,,,,,,,,,,,,,
2012-07-21,,,,,,,,,,,,,
2012-07-22,,,,,,,,,,,,,
2012-07-23,,,,,,,,,,,,,
2012-07-24,,,,,,,,,,,,,
2012-07-25,,,,,,,,,,,,,
2012-07-26,,,,,,,,,,,,,
2012-07-27,,,,,,,,,,,,,
2012-07-28,,,,,,,,,,,,,
2012-07-29,,,,,,,,,,,,,
2012-07-30,,,,,,,,,,,,,
2012-07-31,,,,,,,,,,,,,
2012-08-01,,,,,,,,,,,,,
2012-08-02,,,,,,,,,,,,,
2012-08-03,,,,,,,,,,,,,
2012-08-04,,,,,,,,,,,,,
2012-08-05,,,,,,,,,,,,,
2012-08-06,,,,,,,,,,,,,
2012-08-07,,,,,,,,,,,,,
2012-08-08,,,,,,,,,,,,,
2012-08-09,,,,,,,,,,,,,
2012-08-10,,,,,,,,,,,,,
2012-08-11,,,,,,,,,,,,,
2012-08-12,,,,,,,,,,,,,
2012-08-13,,,,,,,,,,,,,
2012-08-14,,,,,,,,,,,,,
2012-08-15,,,,,,,,,,,,,
2012-08-16,,,,,,,,,,,,,
2012-08-17,,,,,,,,,,,,,
2012-08-18,,,,,,,,,,,,,
2012-08-19,,,,,,,,,,,,,
2012-08-20,,,,,,,,,,,,,
2012-08-21,,,,,,,,,,,,,
2012-08-22,,,,,,,,,,,,,
2012-08-23,,,,,,,,,,,,,
2012-08-24,,,,,,,,,,,,,
2012-08-25,,,,,,,,,,,,,
2012-08-26,,,,,,,,,,,,,
2012-08-27,,,,,,,,,,,,,
2012-08-28,,,,,,,,,,,,,
2012-08-29,,,,,,,,,,,,,
2012-08-30,,,,,,,,,,,,,
2012-08-31,,,,,,,,,,,,,
2012-09-01,,,,,,,,,,,,,
2012-09-02,,,,,,,,,,,,,
2012-09-03,,,,,,,,,,,,,
2012-09-04,,,,,,,,,,,,,
2012-09-05,,,,,,,,,,,,,
2012-09-06,,,,,,,,,,,,,
2012-09-07,,,,,,,,,,,,,
2012-09-08,,,,,,,,,,,,,
2012-09-09,,,,,,,,,,,,,
2012-09-10,,,,,,,,,,,,,
2012-09-11,,,,,,,,,,,,,
2012-09-12,,,,,,,,,,,,,
2012-09-13,,,,,,,,,,,,,
2012-09-14,,,,,,,,,,,,,
2012-09-15,,,,,,,,,,,,,
2012-09-16,,,,,,,,,,,,,
2012-09-17,,,,,,,,,,,,,
2012-09-18,,,,,,,,,,,,,
2012-09-19,,,,,,,,,,,,,
2012-09-20,,,,,,,,,,,,,
2012-09-21,,,,,,,,,,,,,
2012-09-22,,,,,,,,,,,,,
2012-09-23,,,,,,,,,,,,,
2012-09-24,,,,,,,,,,,,,
2012-09-25,,,,,,,,,,,,,
2012-09-26,,,,,,,,,,,,,
2012-09-27,,,,,,,,,,,,,
2012-09-28,,,,,,,,,,,,,
2012-09-29,,,,,,,,,,,,,
2012-09-30,,,,,,,,,,,,,
2012-10-01,,,,,,,,,,,,,
2012-10-02,,,,,,,,,,,,,
2012-10-03,,,,,,,,,,,,,
2012-10-04,,,,,,,,,,,,,
2012-10-05,,,,,,,,,,,,,
2012-10-06,,,,,,,,,,,,,
2012-10-07,,,,,,,,,,,,,
2012-10-08,,,,,,,,,,,,,
2012-10-09,,,,,,,,,,,,,
2012-10-10,,,,,,,,,,,,,
2012-10-11,,,,,,,,,,,,,
2012-10-12,,,,,,,,,,,,,
2012-10-13,,,,,,,,,,,,,
2012-10-14,,,,,,,,,,,,,
2012-10-15,,,,,,,,,,,,,
2012-10-16,,,,,,,,,,,,,
2012-10-17,,,,,,,,,,,,,
2012-10-18,,,,,,,,,,,,,
2012-10-19,,,,,,,,,,,,,
2012-10-20,,,,,,,,,,,,,
2012-10-21,,,,,,,,,,,,,
2012-10-22,,,,,,,,,,,,,
2012-10-23,,,,,,,,,,,,,
2012-10-24,,,,,,,,,,,,,
2012-10-25,,,,,,,,,,,,,
2012-10-26,,,,,,,,,,,,,
2012-10-27,,,,,,,,,,,,,
2012-10-28,,,,,,,,,,,,,
2012-10-29,,,,,,,,,,,,,
2012-10-30,,,,,,,,,,,,,
2012-10-31,,,,,,,,,,,,,
2012-11-01,,,,,,,,,,,,,
2012-11-02,,,,,,,,,,,,,
2012-11-03,,,,,,,,,,,,,
2012-11-04,,,,,,,,,,,,,
2012-11-05,,,,,,,,,,,,,
2012-11-06,,,,,,,,,,,,,
2012-11-07,,,,,,,,,,,,,
2012-11-08,,,,,,,,,,,,,
2012-11-09,,,,,,,,,,,,,
2012-11-10,,,,,,,,,,,,,
2012-11-11,,,,,,,,,,,,,
2012-11-12,,,,,,,,,,,,,
2012-11-13,,,,,,,,,,,,,
2012-11-14,,,,,,,,,,,,,
2012-11-15,,,,,,,,,,,,,
2012-11-16,,,,,,,,,,,,,
2012-11-17,,,,,,,,,,,,,
2012-11-18,,,,,,,,,,,,,
2012-11-19,,,,,,,,,,,,,
2012-11-20,,,,,,,,,,,,,
2012-11-21,,,,,,,,,,,,,
2012-11-22,,,,,,,,,,,,,
2012-11-23,,,,,,,,,,,,,
2012-11-24,,,,,,,,,,,,,
2012-11-25,,,,,,,,,,,,,
2012-11-26,,,,,,,,,,,,,
2012-11-27,,,,,,,,,,,,,
2012-11-28,,,,,,,,,,,,,
2012-11-29,,,,,,,,,,,,,
2012-11-30,,,,,,,,,,,,,
2012-12-01,,,,,,,,,,,,,
2012-12-02,,,,,,,,,,,,,
2012-12-03,,,,,,,,,,,,,
2012-12-04,,,,,,,,,,,,,
2012-12-05,,,,,,,,,,,,,
2012-12-06,,,,,,,,,,,,,
2012-12-07,,,,,,,,,,,,,
2012-12-08,,,,,,,,,,,,,
2012-12-09,,,,,,,,,,,,,
2012-12-10,,,,,,,,,,,,,
2012-12-11,,,,,,,,,,,,,
2012-12-12,,,,,,,,,,,,,
2012-12-13,,,,,,,,,,,,,
2012-12-14,,,,,,,,,,,,,
2012-12-15,,,,,,,,,,,,,
2012-12-16,,,,,,,,,,,,,
2012-12-17,,,,,,,,,,,,,
2012-12-18,,,,,,,,,,,,,
2012-12-19,,,,,,,,,,,,,
2012-12-20,,,,,,,,,,,,,
2012-12-21,,,,,,,,,,,,,
2012-12-22,,,,,,,,,,,,,
2012-12-23,,,,,,,,,,,,,
2012-12-24,,,,,,,,,,,,,
2012-12-25,,,,,,,,,,,,,
2012-12-26,,,,,,,,,,,,,
2012-12-27,,,,,,,,,,,,,
2012-12-28,,,,,,,,,,,,,
2012-12-29,,,,,,,,,,,,,
2012-12-30,,,,,,,,,,,,,
2012-12-31,,,,,,,,,,,,,
2013-01-01,,,,,,,,,,,,,
2013-01-02,,,,,,,,,,,,,
2013-01-03,,,,,,,,,,,,,
2013-01-04,,,,,,,,,,,,,
2013-01-05,,,,,,,,,,,,,
2013-01-06,,,,,,,,,,,,,
2013-01-07,,,,,,,,,,,,,
2013-01-08,,,,,,,,,,,,,
2013-01-09,,,,,,,,,,,,,
2013-01-10,,,,,,,,,,,,,
2013-01-11,,,,,,,,,,,,,
2013-01-12,,,,,,,,,,,,,
2013-01-13,,,,,,,,,,,,,
2013-01-14,,,,,,,,,,,,,
2013-01-15,,,,,,,,,,,,,
2013-01-16,,,,,,,,,,,,,
2013-01-17,,,,,,,,,,,,,
2013-01-18,,,,,,,,,,,,,
2013-01-19,,,,,,,,,,,,,
2013-01-20,,,,,,,,,,,,,
2013-01-21,,,,,,,,,,,,,
2013-01-22,,,,,,,,,,,,,
2013-01-23,,,,,,,,,,,,,
2013-01-24,,,,,,,,,,,,,
2013-01-25,,,,,,,,,,,,,
2013-01-26,,,,,,,,,,,,,
2013-01-27,,,,,,,,,,,,,
2013-01-28,,,,,,,,,,,,,
2013-01-29,,,,,,,,,,,,,
2013-01-30,,,,,,,,,,,,,
2013-01-31,,,,,,,,,,,,,
2013-02-01,,,,,,,,,,,,,
2013-02-02,,,,,,,,,,,,,
2013-02-03,,,,,,,,,,,,,
2013-02-04,,,,,,,,,,,,,
2013-02-05,,,,,,,,,,,,,
2013-02-06,,,,,,,,,,,,,
2013-02-07,,,,,,,,,,,,,
2013-02-08,,,,,,,,,,,,,
2013-02-09,,,,,,,,,,,,,
2013-02-10,,,,,,,,,,,,,
2013-02-11,,,,,,,,,,,,,
2013-02-12,,,,,,,,,,,,,
2013-02-13,,,,,,,,,,,,,
2013-02-14,,,,,,,,,,,,,
2013-02-15,,,,,,,,,,,,,
2013-02-16,,,,,,,,,,,,,
2013-02-17,,,,,,,,,,,,,
2013-02-18,,,,,,,,,,,,,
2013-02-19,,,,,,,,,,,,,
2013-02-20,,,,,,,,,,,,,
2013-02-21,,,,,,,,,,,,,
2013-02-22,,,,,,,,,,,,,
2013-02-23,,,,,,,,,,,,,
2013-02-24,,,,,,,,,,,,,
2013-02-25,,,,,,,,,,,,,
2013-02-26,,,,,,,,,,,,,
2013-02-27,,,,,,,,,,,,,
2013-02-28,,,,,,,,,,,,,
2013-03-01,,,,,,,,,,,,,
2013-03-02,,,,,,,,,,,,,
2013-03-03,,,,,,,,,,,,,
2013-03-04,,,,,,,,,,,,,
2013-03-05,,,,,,,,,,,,,
2013-03-06,,,,,,,,,,,,,
2013-03-07,,,,,,,,,,,,,
2013-03-08,,,,,,,,,,,,,
2013-03-09,,,,,,,,,,,,,
2013-03-10,,,,,,,,,,,,,
2013-03-11,,,,,,,,,,,,,
2013-03-12,,,,,,,,,,,,,
2013-03-13,,,,,,,,,,,,,
2013-03-14,,,,,,,,,,,,,
2013-03-15,,,,,,,,,,,,,
2013-03-16,,,,,,,,,,,,,
2013-03-17,,,,,,,,,,,,,
2013-03-18,,,,,,,,,,,,,
2013-03-19,,,,,,,,,,,,,
2013-03-20,,,,,,,,,,,,,
2013-03-21,,,,,,,,,,,,,
2013-03-22,,,,,,,,,,,,,
2013-03-23,,,,,,,,,,,,,
2013-03-24,,,,,,,,,,,,,
2013-03-25,,,,,,,,,,,,,
2013-03-26,,,,,,,,,,,,,
2013-03-27,,,,,,,,,,,,,
2013-03-28,,,,,,,,,,,,,
2013-03-29,,,,,,,,,,,,,
2013-03-30,,,,,,,,,,,,,
2013-03-31,,,,,,,,,,,,,
2013-04-01,,,,,,,,,,,,,
2013-04-02,,,,,,,,,,,,,
2013-04-03,,,,,,,,,,,,,
2013-04-04,,,,,,,,,,,,,
2013-04-05,,,,,,,,,,,,,
2013-04-06,,,,,,,,,,,,,
2013-04-07,,,,,,,,,,,,,
2013-04-08,,,,,,,,,,,,,
2013-04-09,,,,,,,,,,,,,
2013-04-10,,,,,,,,,,,,,
2013-04-11,,,,,,,,,,,,,
2013-04-12,,,,,,,,,,,,,
2013-04-13,,,,,,,,,,,,,
2013-04-14,,,,,,,,,,,,,
2013-04-15,,,,,,,,,,,,,
2013-04-16,,,,,,,,,,,,,
2013-04-17,,,,,,,,,,,,,
2013-04-18,,,,,,,,,,,,,
2013-04-19,,,,,,,,,,,,,
2013-04-20,,,,,,,,,,,,,
2013-04-21,,,,,,,,,,,,,
2013-04-22,,,,,,,,,,,,,
2013-04-23,,,,,,,,,,,,,
2013-04-24,,,,,,,,,,,,,
2013-04-25,,,,,,,,,,,,,
2013-04-26,,,,,,,,,,,,,
2013-04-27,,,,,,,,,,,,,
2013-04-28,,,,,,,,,,,,,
2013-04-29,,,,,,,,,,,,,
2013-04-30,,,,,,,,,,,,,
2013-05-01,,,,,,,,,,,,,
2013-05-02,,,,,,,,,,,,,
2013-05-03,,,,,,,,,,,,,
2013-05-04,,,,,,,,,,,,,
2013-05-05,,,,,,,,,,,,,
2013-05-06,,,,,,,,,,,,,
2013-05-07,,,,,,,,,,,,,
2013-05-08,,,,,,,,,,,,,
2013-05-09,,,,,,,,,,,,,
2013-05-10,,,,,,,,,,,,,
2013-05-11,,,,,,,,,,,,,
2013-05-12,,,,,,,,,,,,,
2013-05-13,,,,,,,,,,,,,
2013-05-14,,,,,,,,,,,,,
2013-05-15,,,,,,,,,,,,,
2013-05-16,,,,,,,,,,,,,
2013-05-17,,,,,,,,,,,,,
2013-05-18,,,,,,,,,,,,,
2013-05-19,,,,,,,,,,,,,
2013-05-20,,,,,,,,,,,,,
2013-05-21,,,,,,,,,,,,,
2013-05-22,,,,,,,,,,,,,
2013-05-23,,,,,,,,,,,,,
2013-05-24,,,,,,,,,,,,,
2013-05-25,,,,,,,,,,,,,
2013-05-26,,,,,,,,,,,,,
2013-05-27,,,,,,,,,,,,,
2013-05-28,,,,,,,,,,,,,
2013-05-29,,,,,,,,,,,,,
2013-05-30,,,,,,,,,,,,,
2013-05-31,,,,,,,,,,,,,
2013-06-01,,,,,,,,,,,,,
2013-06-02,,,,,,,,,,,,,
2013-06-03,,,,,,,,,,,,,
2013-06-04,,,,,,,,,,,,,
2013-06-05,,,,,,,,,,,,,
2013-06-06,,,,,,,,,,,,,
2013-06-07,,,,,,,,,,,,,
2013-06-08,,,,,,,,,,,,,
2013-06-09,,,,,,,,,,,,,
2013-06-10,,,,,,,,,,,,,
2013-06-11,,,,,,,,,,,,,
2013-06-12,,,,,,,,,,,,,
2013-06-13,,,,,,,,,,,,,
2013-06-14,,,,,,,,,,,,,
2013-06-15,,,,,,,,,,,,,
2013-06-16,,,,,,,,,,,,,
2013-06-17,,,,,,,,,,,,,
2013-06-18,,,,,,,,,,,,,
2013-06-19,,,,,,,,,,,,,
2013-06-20,,,,,,,,,,,,,
2013-06-21,,,,,,,,,,,,,
2013-06-22,,,,,,,,,,,,,
2013-06-23,,,,,,,,,,,,,
2013-06-24,,,,,,,,,,,,,
2013-06-25,,,,,,,,,,,,,
2013-06-26,,,,,,,,,,,,,
2013-06-27,,,,,,,,,,,,,
2013-06-28,,,,,,,,,,,,,
2013-06-29,,,,,,,,,,,,,
2013-06-30,,,,,,,,,,,,,
2013-07-01,,,,,,,,,,,,,
2013-07-02,,,,,,,,,,,,,
2013-07-03,,,,,,,,,,,,,
2013-07-04,,,,,,,,,,,,,
2013-07-05,,,,,,,,,,,,,
2013-07-06,,,,,,,,,,,,,
2013-07-07,,,,,,,,,,,,,
2013-07-08,,,,,,,,,,,,,
2013-07-09,,,,,,,,,,,,,
2013-07-10,,,,,,,,,,,,,
2013-07-11,,,,,,,,,,,,,
2013-07-12,,,,,,,,,,,,,
2013-07-13,,,,,,,,,,,,,
2013-07-14,,,,,,,,,,,,,
2013-07-15,,,,,,,,,,,,,
2013-07-16,,,,,,,,,,,,,
2013-07-17,,,,,,,,,,,,,
2013-07-18,,,,,,,,,,,,,
2013-07-19,,,,,,,,,,,,,
2013-07-20,,,,,,,,,,,,,
2013-07-21,,,,,,,,,,,,,
2013-07-22,,,,,,,,,,,,,
2013-07-23,,,,,,,,,,,,,
2013-07-24,,,,,,,,,,,,,
2013-07-25,,,,,,,,,,,,,
2013-07-26,,,,,,,,,,,,,
2013-07-27,,,,,,,,,,,,,
2013-07-28,,,,,,,,,,,,,
2013-07-29,,,,,,,,,,,,,
2013-07-30,,,,,,,,,,,,,
2013-07-31,,,,,,,,,,,,,
2013-08-01,,,,,,,,,,,,,
2013-08-02,,,,,,,,,,,,,
2013-08-03,,,,,,,,,,,,,
2013-08-04,,,,,,,,,,,,,
2013-08-05,,,,,,,,,,,,,
2013-08-06,,,,,,,,,,,,,
2013-08-07,,,,,,,,,,,,,
2013-08-08,,,,,,,,,,,,,
2013-08-09,,,,,,,,,,,,,
2013-08-10,,,,,,,,,,,,,
2013-08-11,,,,,,,,,,,,,
2013-08-12,,,,,,,,,,,,,
2013-08-13,,,,,,,,,,,,,
2013-08-14,,,,,,,,,,,,,
2013-08-15,,,,,,,,,,,,,
2013-08-16,,,,,,,,,,,,,
2013-08-17,,,,,,,,,,,,,
2013-08-18,,,,,,,,,,,,,
2013-08-19,,,,,,,,,,,,,
2013-08-20,,,,,,,,,,,,,
2013-08-21,,,,,,,,,,,,,
2013-08-22,,,,,,,,,,,,,
2013-08-23,,,,,,,,,,,,,
2013-08-24,,,,,,,,,,,,,
2013-08-25,,,,,,,,,,,,,
2013-08-26,,,,,,,,,,,,,
2013-08-27,,,,,,,,,,,,,
2013-08-28,,,,,,,,,,,,,
2013-08-29,,,,,,,,,,,,,
2013-08-30,,,,,,,,,,,,,
2013-08-31,,,,,,,,,,,,,
2013-09-01,,,,,,,,,,,,,
2013-09-02,,,,,,,,,,,,,
2013-09-03,,,,,,,,,,,,,
2013-09-04,,,,,,,,,,,,,
2013-09-05,,,,,,,,,,,,,
2013-09-06,,,,,,,,,,,,,
2013-09-07,,,,,,,,,,,,,
2013-09-08,,,,,,,,,,,,,
2013-09-09,,,,,,,,,,,,,
2013-09-10,,,,,,,,,,,,,
2013-09-11,,,,,,,,,,,,,
2013-09-12,,,,,,,,,,,,,
2013-09-13,,,,,,,,,,,,,
2013-09-14,,,,,,,,,,,,,
2013-09-15,,,,,,,,,,,,,
2013-09-16,,,,,,,,,,,,,
2013-09-17,,,,,,,,,,,,,
2013-09-18,,,,,,,,,,,,,
2013-09-19,,,,,,,,,,,,,
2013-09-20,,,,,,,,,,,,,
2013-09-21,,,,,,,,,,,,,
2013-09-22,,,,,,,,,,,,,
2013-09-23,,,,,,,,,,,,,
2013-09-24,,,,,,,,,,,,,
2013-09-25,,,,,,,,,,,,,
2013-09-26,,,,,,,,,,,,,
2013-09-27,,,,,,,,,,,,,
2013-09-28,,,,,,,,,,,,,
2013-09-29,,,,,,,,,,,,,
2013-09-30,,,,,,,,,,,,,
2013-10-01,,,,,,,,,,,,,
2013-10-02,,,,,,,,,,,,,
2013-10-03,,,,,,,,,,,,,
2013-10-04,,,,,,,,,,,,,
2013-10-05,,,,,,,,,,,,,
2013-10-06,,,,,,,,,,,,,
2013-10-07,,,,,,,,,,,,,
2013-10-08,,,,,,,,,,,,,
2013-10-09,,,,,,,,,,,,,
2013-10-10,,,,,,,,,,,,,
2013-10-11,,,,,,,,,,,,,
2013-10-12,,,,,,,,,,,,,
2013-10-13,,,,,,,,,,,,,
2013-10-14,,,,,,,,,,,,,
2013-10-15,,,,,,,,,,,,,
2013-10-16,,,,,,,,,,,,,
2013-10-17,,,,,,,,,,,,,
2013-10-18,,,,,,,,,,,,,
2013-10-19,,,,,,,,,,,,,
2013-10-20,,,,,,,,,,,,,
2013-10-21,,,,,,,,,,,,,
2013-10-22,,,,,,,,,,,,,
2013-10-23,,,,,,,,,,,,,
2013-10-24,,,,,,,,,,,,,
2013-10-25,,,,,,,,,,,,,
2013-10-26,,,,,,,,,,,,,
2013-10-27,,,,,,,,,,,,,
2013-10-28,,,,,,,,,,,,,
2013-10-29,,,,,,,,,,,,,
2013-10-30,,,,,,,,,,,,,
2013-10-31,,,,,,,,,,,,,
2013-11-01,,,,,,,,,,,,,
2013-11-02,,,,,,,,,,,,,
2013-11-03,,,,,,,,,,,,,
2013-11-04,,,,,,,,,,,,,
2013-11-05,,,,,,,,,,,,,
2013-11-06,,,,,,,,,,,,,
2013-11-07,,,,,,,,,,,,,
2013-11-08,,,,,,,,,,,,,
2013-11-09,,,,,,,,,,,,,
2013-11-10,,,,,,,,,,,,,
2013-11-11,,,,,,,,,,,,,
2013-11-12,,,,,,,,,,,,,
2013-11-13,,,,,,,,,,,,,
2013-11-14,,,,,,,,,,,,,
2013-11-15,,,,,,,,,,,,,
2013-11-16,,,,,,,,,,,,,
2013-11-17,,,,,,,,,,,,,
2013-11-18,,,,,,,,,,,,,
2013-11-19,,,,,,,,,,,,,
2013-11-20,,,,,,,,,,,,,
2013-11-21,,,,,,,,,,,,,
2013-11-22,,,,,,,,,,,,,
2013-11-23,,,,,,,,,,,,,
2013-11-24,,,,,,,,,,,,,
2013-11-25,,,,,,,,,,,,,
2013-11-26,,,,,,,,,,,,,
2013-11-27,,,,,,,,,,,,,
2013-11-28,,,,,,,,,,,,,
2013-11-29,,,,,,,,,,,,,
2013-11-30,,,,,,,,,,,,,
2013-12-01,,,,,,,,,,,,,
2013-12-02,,,,,,,,,,,,,
2013-12-03,,,,,,,,,,,,,
2013-12-04,,,,,,,,,,,,,
2013-12-05,,,,,,,,,,,,,
2013-12-06,,,,,,,,,,,,,
2013-12-07,,,,,,,,,,,,,
2013-12-08,,,,,,,,,,,,,
2013-12-09,,,,,,,,,,,,,
2013-12-10,,,,,,,,,,,,,
2013-12-11,,,,,,,,,,,,,
2013-12-12,,,,,,,,,,,,,
2013-12-13,,,,,,,,,,,,,
2013-12-14,,,,,,,,,,,,,
2013-12-15,,,,,,,,,,,,,
2013-12-16,,,,,,,,,,,,,
2013-12-17,,,,,,,,,,,,,
2013-12-18,,,,,,,,,,,,,
2013-12-19,,,,,,,,,,,,,
2013-12-20,,,,,,,,,,,,,
2013-12-21,,,,,,,,,,,,,
2013-12-22,,,,,,,,,,,,,
2013-12-23,,,,,,,,,,,,,
2013-12-24,,,,,,,,,,,,,
2013-12-25,,,,,,,,,,,,,
2013-12-26,,,,,,,,,,,,,
2013-12-27,,,,,,,,,,,,,
2013-12-28,,,,,,,,,,,,,
2013-12-29,,,,,,,,,,,,,
2013-12-30,,,,,,,,,,,,,
2013-12-31,,,,,,,,,,,,,
2014-01-01,,,,,,,,,,,,,
2014-01-02,,,,,,,,,,,,,
2014-01-03,,,,,,,,,,,,,
2014-01-04,,,,,,,,,,,,,
2014-01-05,,,,,,,,,,,,,
2014-01-06,,,,,,,,,,,,,
2014-01-07,,,,,,,,,,,,,
2014-01-08,,,,,,,,,,,,,
2014-01-09,,,,,,,,,,,,,
2014-01-10,,,,,,,,,,,,,
2014-01-11,,,,,,,,,,,,,
2014-01-12,,,,,,,,,,,,,
2014-01-13,,,,,,,,,,,,,
2014-01-14,,,,,,,,,,,,,
2014-01-15,,,,,,,,,,,,,
2014-01-16,,,,,,,,,,,,,
2014-01-17,,,,,,,,,,,,,
2014-01-18,,,,,,,,,,,,,
2014-01-19,,,,,,,,,,,,,
2014-01-20,,,,,,,,,,,,,
2014-01-21,,,,,,,,,,,,,
2014-01-22,,,,,,,,,,,,,
2014-01-23,,,,,,,,,,,,,
2014-01-24,,,,,,,,,,,,,
2014-01-25,,,,,,,,,,,,,
2014-01-26,,,,,,,,,,,,,
2014-01-27,,,,,,,,,,,,,
2014-01-28,,,,,,,,,,,,,
2014-01-29,,,,,,,,,,,,,
2014-01-30,,,,,,,,,,,,,
2014-01-31,,,,,,,,,,,,,
2014-02-01,,,,,,,,,,,,,
2014-02-02,,,,,,,,,,,,,
2014-02-03,,,,,,,,,,,,,
2014-02-04,,,,,,,,,,,,,
2014-02-05,,,,,,,,,,,,,
2014-02-06,,,,,,,,,,,,,
2014-02-07,,,,,,,,,,,,,
2014-02-08,,,,,,,,,,,,,
2014-02-09,,,,,,,,,,,,,
2014-02-10,,,,,,,,,,,,,
2014-02-11,,,,,,,,,,,,,
2014-02-12,,,,,,,,,,,,,
2014-02-13,,,,,,,,,,,,,
2014-02-14,,,,,,,,,,,,,
2014-02-15,,,,,,,,,,,,,
2014-02-16,,,,,,,,,,,,,
2014-02-17,,,,,,,,,,,,,
2014-02-18,,,,,,,,,,,,,
2014-02-19,,,,,,,,,,,,,
2014-02-20,,,,,,,,,,,,,
2014-02-21,,,,,,,,,,,,,
2014-02-22,,,,,,,,,,,,,
2014-02-23,,,,,,,,,,,,,
2014-02-24,,,,,,,,,,,,,
2014-02-25,,,,,,,,,,,,,
2014-02-26,,,,,,,,,,,,,
2014-02-27,,,,,,,,,,,,,
2014-02-28,,,,,,,,,,,,,
2014-03-01,,,,,,,,,,,,,
2014-03-02,,,,,,,,,,,,,
2014-03-03,,,,,,,,,,,,,
2014-03-04,,,,,,,,,,,,,
2014-03-05,,,,,,,,,,,,,
2014-03-06,,,,,,,,,,,,,
2014-03-07,,,,,,,,,,,,,
2014-03-08,,,,,,,,,,,,,
2014-03-09,,,,,,,,,,,,,
2014-03-10,,,,,,,,,,,,,
2014-03-11,,,,,,,,,,,,,
2014-03-12,,,,,,,,,,,,,
2014-03-13,,,,,,,,,,,,,
2014-03-14,,,,,,,,,,,,,
2014-03-15,,,,,,,,,,,,,
2014-03-16,,,,,,,,,,,,,
2014-03-17,,,,,,,,,,,,,
2014-03-18,,,,,,,,,,,,,
2014-03-19,,,,,,,,,,,,,
2014-03-20,,,,,,,,,,,,,
2014-03-21,,,,,,,,,,,,,
2014-03-22,,,,,,,,,,,,,
2014-03-23,,,,,,,,,,,,,
2014-03-24,,,,,,,,,,,,,
2014-03-25,,,,,,,,,,,,,
2014-03-26,,,,,,,,,,,,,
2014-03-27,,,,,,,,,,,,,
2014-03-28,,,,,,,,,,,,,
2014-03-29,,,,,,,,,,,,,
2014-03-30,,,,,,,,,,,,,
2014-03-31,,,,,,,,,,,,,
2014-04-01,,,,,,,,,,,,,
2014-04-02,,,,,,,,,,,,,
2014-04-03,,,,,,,,,,,,,
2014-04-04,,,,,,,,,,,,,
2014-04-05,,,,,,,,,,,,,
2014-04-06,,,,,,,,,,,,,
2014-04-07,,,,,,,,,,,,,
2014-04-08,,,,,,,,,,,,,
2014-04-09,,,,,,,,,,,,,
2014-04-10,,,,,,,,,,,,,
2014-04-11,,,,,,,,,,,,,
2014-04-12,,,,,,,,,,,,,
2014-04-13,,,,,,,,,,,,,
2014-04-14,,,,,,,,,,,,,
2014-04-15,,,,,,,,,,,,,
2014-04-16,,,,,,,,,,,,,
2014-04-17,,,,,,,,,,,,,
2014-04-18,,,,,,,,,,,,,
2014-04-19,,,,,,,,,,,,,
2014-04-20,,,,,,,,,,,,,
2014-04-21,,,,,,,,,,,,,
2014-04-22,,,,,,,,,,,,,
2014-04-23,,,,,,,,,,,,,
2014-04-24,,,,,,,,,,,,,
2014-04-25,,,,,,,,,,,,,
2014-04-26,,,,,,,,,,,,,
2014-04-27,,,,,,,,,,,,,
2014-04-28,,,,,,,,,,,,,
2014-04-29,,,,,,,,,,,,,
2014-04-30,,,,,,,,,,,,,
2014-05-01,,,,,,,,,,,,,
2014-05-02,,,,,,,,,,,,,
2014-05-03,,,,,,,,,,,,,
2014-05-04,,,,,,,,,,,,,
2014-05-05,,,,,,,,,,,,,
2014-05-06,,,,,,,,,,,,,
2014-05-07,,,,,,,,,,,,,
2014-05-08,,,,,,,,,,,,,
2014-05-09,,,,,,,,,,,,,
2014-05-10,,,,,,,,,,,,,
2014-05-11,,,,,,,,,,,,,
2014-05-12,,,,,,,,,,,,,
2014-05-13,,,,,,,,,,,,,
2014-05-14,,,,,,,,,,,,,
2014-05-15,,,,,,,,,,,,,
2014-05-16,,,,,,,,,,,,,
2014-05-17,,,,,,,,,,,,,
2014-05-18,,,,,,,,,,,,,
2014-05-19,,,,,,,,,,,,,
2014-05-20,,,,,,,,,,,,,
2014-05-21,,,,,,,,,,,,,
2014-05-22,,,,,,,,,,,,,
2014-05-23,,,,,,,,,,,,,
2014-05-24,,,,,,,,,,,,,
2014-05-25,,,,,,,,,,,,,
2014-05-26,,,,,,,,,,,,,
2014-05-27,,,,,,,,,,,,,
2014-05-28,,,,,,,,,,,,,
2014-05-29,,,,,,,,,,,,,
2014-05-30,,,,,,,,,,,,,
2014-05-31,,,,,,,,,,,,,
2014-06-01,,,,,,,,,,,,,
2014-06-02,,,,,,,,,,,,,
2014-06-03,,,,,,,,,,,,,
2014-06-04,,,,,,,,,,,,,
2014-06-05,,,,,,,,,,,,,
2014-06-06,,,,,,,,,,,,,
2014-06-07,,,,,,,,,,,,,
2014-06-08,,,,,,,,,,,,,
2014-06-09,,,,,,,,,,,,,
2014-06-10,,,,,,,,,,,,,
2014-06-11,,,,,,,,,,,,,
2014-06-12,,,,,,,,,,,,,
2014-06-13,,,,,,,,,,,,,
2014-06-14,,,,,,,,,,,,,
2014-06-15,,,,,,,,,,,,,
2014-06-16,,,,,,,,,,,,,
2014-06-17,,,,,,,,,,,,,
2014-06-18,,,,,,,,,,,,,
2014-06-19,,,,,,,,,,,,,
2014-06-20,,,,,,,,,,,,,
2014-06-21,,,,,,,,,,,,,
2014-06-22,,,,,,,,,,,,,
2014-06-23,,,,,,,,,,,,,
2014-06-24,,,,,,,,,,,,,
2014-06-25,,,,,,,,,,,,,
2014-06-26,,,,,,,,,,,,,
2014-06-27,,,,,,,,,,,,,
2014-06-28,,,,,,,,,,,,,
2014-06-29,,,,,,,,,,,,,
2014-06-30,,,,,,,,,,,,,
2014-07-01,,,,,,,,,,,,,
2014-07-02,,,,,,,,,,,,,
2014-07-03,,,,,,,,,,,,,
2014-07-04,,,,,,,,,,,,,
2014-07-05,,,,,,,,,,,,,
2014-07-06,,,,,,,,,,,,,
2014-07-07,,,,,,,,,,,,,
2014-07-08,,,,,,,,,,,,,
2014-07-09,,,,,,,,,,,,,
2014-07-10,,,,,,,,,,,,,
2014-07-11,,,,,,,,,,,,,
2014-07-12,,,,,,,,,,,,,
2014-07-13,,,,,,,,,,,,,
2014-07-14,,,,,,,,,,,,,
2014-07-15,,,,,,,,,,,,,
2014-07-16,,,,,,,,,,,,,
2014-07-17,,,,,,,,,,,,,
2014-07-18,,,,,,,,,,,,,
2014-07-19,,,,,,,,,,,,,
2014-07-20,,,,,,,,,,,,,
2014-07-21,,,,,,,,,,,,,
2014-07-22,,,,,,,,,,,,,
2014-07-23,,,,,,,,,,,,,
2014-07-24,,,,,,,,,,,,,
2014-07-25,,,,,,,,,,,,,
2014-07-26,,,,,,,,,,,,,
2014-07-27,,,,,,,,,,,,,
2014-07-28,,,,,,,,,,,,,
2014-07-29,,,,,,,,,,,,,
2014-07-30,,,,,,,,,,,,,
2014-07-31,,,,,,,,,,,,,
2014-08-01,,,,,,,,,,,,,
2014-08-02,,,,,,,,,,,,,
2014-08-03,,,,,,,,,,,,,
2014-08-04,,,,,,,,,,,,,
2014-08-05,,,,,,,,,,,,,
2014-08-06,,,,,,,,,,,,,
2014-08-07,,,,,,,,,,,,,
2014-08-08,,,,,,,,,,,,,
2014-08-09,,,,,,,,,,,,,
2014-08-10,,,,,,,,,,,,,
2014-08-11,,,,,,,,,,,,,
2014-08-12,,,,,,,,,,,,,
2014-08-13,,,,,,,,,,,,,
2014-08-14,,,,,,,,,,,,,
2014-08-15,,,,,,,,,,,,,
2014-08-16,,,,,,,,,,,,,
2014-08-17,,,,,,,,,,,,,
2014-08-18,,,,,,,,,,,,,
2014-08-19,,,,,,,,,,,,,
2014-08-20,,,,,,,,,,,,,
2014-08-21,,,,,,,,,,,,,
2014-08-22,,,,,,,,,,,,,
2014-08-23,,,,,,,,,,,,,
2014-08-24,,,,,,,,,,,,,
2014-08-25,,,,,,,,,,,,,
2014-08-26,,,,,,,,,,,,,
2014-08-27,,,,,,,,,,,,,
2014-08-28,,,,,,,,,,,,,
2014-08-29,,,,,,,,,,,,,
2014-08-30,,,,,,,,,,,,,
2014-08-31,,,,,,,,,,,,,
2014-09-01,,,,,,,,,,,,,
2014-09-02,,,,,,,,,,,,,
2014-09-03,,,,,,,,,,,,,
2014-09-04,,,,,,,,,,,,,
2014-09-05,,,,,,,,,,,,,
2014-09-06,,,,,,,,,,,,,
2014-09-07,,,,,,,,,,,,,
2014-09-08,,,,,,,,,,,,,
2014-09-09,,,,,,,,,,,,,
2014-09-10,,,,,,,,,,,,,
2014-09-11,,,,,,,,,,,,,
2014-09-12,,,,,,,,,,,,,
2014-09-13,,,,,,,,,,,,,
2014-09-14,,,,,,,,,,,,,
2014-09-15,,,,,,,,,,,,,
2014-09-16,,,,,,,,,,,,,
2014-09-17,5.08588981628418,5.170770168304443,4.965950012207031,5.058549880981445,5.058549880981445,3071840.0,5.058549880981445,0.08388727474993772,,,,,
2014-09-18,5.065430164337158,5.065430164337158,4.579959869384766,4.685229778289795,4.685229778289795,4569260.0,4.685229778289795,0.07769640844220183,,,,,
2014-09-19,4.687290191650391,4.755819797515869,4.254350185394287,4.327770233154297,4.327770233154297,3917450.0,4.327770233154297,0.071768561968352,,,,,
2014-09-20,4.32919979095459,4.616079807281494,4.202189922332764,4.286439895629883,4.286439895629883,5490660.0,4.286439895629883,0.0710831700159165,,,,,
2014-09-21,4.263070106506348,4.3001298904418945,4.154990196228027,4.245920181274414,4.245920181274414,2931220.0,4.245920181274414,0.07041122084255644,,,,,
2014-09-22,4.245930194854736,4.416880130767822,4.210130214691162,4.242350101470947,4.242350101470947,1855960.0,4.242350101470947,0.0703520172620049,,,,,
2014-09-23,4.239990234375,4.881350040435791,4.188869953155518,4.746570110321045,4.746570110321045,4661670.0,4.746570110321045,0.07871363144235528,,,,,
2014-09-24,4.744200229644775,4.745120048522949,4.627689838409424,4.666790008544922,4.666790008544922,2662290.0,4.666790008544922,0.07739061684830463,,,,,
2014-09-25,4.66588020324707,4.671319961547852,4.448699951171875,4.514649868011475,4.514649868011475,2046960.0,4.514649868011475,0.07486763653384597,,,,,
2014-09-26,4.50993013381958,4.551819801330566,4.388800144195557,4.433589935302734,4.433589935302734,1548350.0,4.433589935302734,0.07352339816389036,,,,,
2014-09-27,4.434390068054199,4.4892401695251465,4.3979902267456055,4.421800136566162,4.421800136566162,889525.0,4.421800136566162,0.07332788480351417,,,,,
2014-09-28,4.424620151519775,4.457610130310059,4.202779769897461,4.233230113983154,4.233230113983154,1741170.0,4.233230113983154,0.07020077808988942,,,,,
2014-09-29,4.2376298904418945,4.330249786376953,4.1981000900268555,4.246789932250977,4.246789932250977,1712650.0,4.246789932250977,0.07042564415375265,,,,,
2014-09-30,4.252190113067627,4.549009799957275,4.225930213928223,4.474730014801025,4.474730014801025,2456420.0,4.474730014801025,0.0742056350170017,31.477271393665983,,,,
2014-10-01,4.4709601402282715,4.503739833831787,4.384860038757324,4.42855978012085,4.42855978012085,1172180.0,4.42855978012085,0.0734399817659689,30.048063955385416,,,,
2014-10-02,4.430150032043457,4.463479995727539,4.286230087280273,4.322659969329834,4.322659969329834,1124950.0,4.322659969329834,0.0716838171075572,23.083568624953802,28.20296799133507,,,
2014-10-03,4.31935977935791,4.340310096740723,4.1640400886535645,4.175119876861572,4.175119876861572,1471270.0,4.175119876861572,0.06923712061059292,2.77130967440804,18.63431408491575,,,
2014-10-04,4.173130035400391,4.2840399742126465,3.888010025024414,3.938199996948242,3.938199996948242,6948810.0,3.938199996948242,0.06530821538525673,5.052647748519695,10.30250868262718,,,
2014-10-05,3.9420700073242188,4.04341983795166,3.480600118637085,3.6991400718688965,3.6991400718688965,8143680.0,3.6991400718688965,0.06134382122316146,15.601639509726612,7.808532310884782,,,
2014-10-06,3.703049898147583,3.9148600101470947,3.5722498893737793,3.8223700523376465,3.8223700523376465,9482680.0,3.8223700523376465,0.06338737668317124,24.399068554770576,15.017785271005627,,,
2014-10-07,3.8133299350738525,3.949860095977783,3.6882100105285645,3.8586299419403076,3.8586299419403076,7096400.0,3.8586299419403076,0.06398868405249003,29.895125760283086,23.298611274926756,,,
2014-10-08,3.8554699420928955,3.9298899173736572,3.7478299140930176,3.9078900814056396,3.9078900814056396,5850860.0,3.9078900814056396,0.06480557801435145,35.88501235723306,30.05973555742891,,,
2014-10-09,3.9086201190948486,4.028759956359863,3.8652899265289307,3.9006600379943848,3.9006600379943848,8316140.0,3.9006600379943848,0.06468568028627444,39.21323759670832,34.99779190474149,,,
2014-10-10,3.898859977722168,3.9158899784088135,3.774250030517578,3.807389974594116,3.807389974594116,6313690.0,3.807389974594116,0.0631389580796162,30.586568211664865,35.22827272186875,,,
2014-10-11,3.795919895172119,3.8389699459075928,3.67792010307312,3.77266001701355,3.77266001701355,3498570.0,3.77266001701355,0.06256302197892297,27.335946452261485,32.37858408687822,,,
2014-10-12,3.7765800952911377,3.8514699935913086,3.696039915084839,3.850330114364624,3.850330114364624,2712090.0,3.850330114364624,0.06385104580979203,34.60563884732669,30.842717837084347,,,
2014-10-13,3.846440076828003,3.895740032196045,3.791179895401001,3.8617799282073975,3.8617799282073975,4200710.0,3.8617799282073975,0.06404092111047366,35.67730770646931,32.539631002019156,,,
2014-10-14,3.8645200729370117,4.229109764099121,3.8645200729370117,4.0759100914001465,4.0759100914001465,8247860.0,4.0759100914001465,0.06759189841713888,58.18462170142372,42.8225227517399,,,
2014-10-15,4.076990127563477,4.076990127563477,3.9927499294281006,4.056419849395752,4.056419849395752,4837180.0,4.056419849395752,0.06726868656306338,58.58495470099796,50.815628036297,,,
2014-10-16,4.057740211486816,4.096799850463867,3.9587600231170654,3.9908900260925293,3.9908900260925293,4204880.0,3.9908900260925293,0.06618198811764135,59.35605267500211,58.708543025807934,,,
2014-10-17,3.9914400577545166,4.0160298347473145,3.9539101123809814,3.993269920349121,3.993269920349121,3561280.0,3.993269920349121,0.06622145453550335,63.809356500590084,60.583454625530045,,,
2014-10-18,3.9916300773620605,4.0877299308776855,3.954710006713867,4.055759906768799,4.055759906768799,2386140.0,4.055759906768799,0.06725774255939258,76.84066486233216,66.66869134597478,,,
2014-10-19,4.056429862976074,4.061460018157959,3.974440097808838,3.9889400005340576,3.9889400005340576,1576340.0,3.9889400005340576,0.06614965032644789,63.43668218956324,68.02890118416182,,,
2014-10-20,3.983570098876953,3.983570098876953,3.8774800300598145,3.909830093383789,3.909830093383789,2252890.0,3.909830093383789,0.06483774974768576,42.0744449159269,60.783930655940765,,,
2014-10-21,3.911799907684326,3.969939947128296,3.900360107421875,3.9400100708007812,3.9400100708007812,1948840.0,3.9400100708007812,0.06533823232018042,47.54987008279492,51.02033239609502,,,
2014-10-22,3.9409499168395996,3.9599599838256836,3.8385798931121826,3.843319892883301,3.843319892883301,2094200.0,3.843319892883301,0.06373479344709959,30.007781623171333,39.87736554063105,,,
2014-10-23,3.8469700813293457,3.8660600185394287,3.726569890975952,3.739650011062622,3.739650011062622,3191780.0,3.739650011062622,0.06201560829242092,11.199395118296676,29.585682274754305,,,
2014-10-24,3.739490032196045,3.7798099517822266,3.7244999408721924,3.747529983520508,3.747529983520508,3557710.0,3.747529983520508,0.06214628396630958,12.629025065131625,17.94540060219988,,,
2014-10-25,3.748729944229126,3.7598400115966797,3.629040002822876,3.6675500869750977,3.6675500869750977,2370430.0,3.6675500869750977,0.060819956122592694,6.417601191954309,10.082007125127538,,,
2014-10-26,3.668950080871582,3.7673699855804443,3.661530017852783,3.727180004119873,3.727180004119873,1986590.0,3.727180004119873,0.061808814858897033,16.35476533399553,11.800463863693821,,,
2014-10-27,3.72406005859375,3.893320083618164,3.7130699157714844,3.807310104370117,3.807310104370117,2694530.0,3.807310104370117,0.06313763357050142,29.70822945120437,17.493531992384735,,,
2014-10-28,3.812269926071167,3.8965799808502197,3.794680118560791,3.8460700511932373,3.8460700511932373,2222000.0,3.8460700511932373,0.06378040005199219,46.39775078277632,30.820248522658744,,,
2014-10-29,3.8528800010681152,3.85332989692688,3.720400094985962,3.72694993019104,3.72694993019104,2551500.0,3.72694993019104,0.061804999481894746,20.93166565320728,32.34588196239599,,,
2014-10-30,3.734499931335449,3.8191699981689453,3.7195301055908203,3.785860061645508,3.785860061645508,2667440.0,3.785860061645508,0.06278192182113183,34.18868591417886,33.839367450054155,,,
2014-10-31,3.7846500873565674,3.804539918899536,3.7453200817108154,3.753999948501587,3.753999948501587,2303900.0,3.753999948501587,0.062253577112124106,27.24279257855849,27.45438138198155,,,
2014-11-01,3.756659984588623,3.7571499347686768,3.5590999126434326,3.570590019226074,3.570590019226074,2476220.0,3.570590019226074,0.05921204159483146,2.2872251312379244,21.23956787465843,,,
2014-11-02,3.5768799781799316,3.6229100227355957,3.554500102996826,3.585099935531616,3.585099935531616,2031400.0,3.585099935531616,0.05945266338652276,7.1316644903175614,12.220560733371329,,,
2014-11-03,3.5859100818634033,3.661750078201294,3.5563900470733643,3.5780599117279053,3.5780599117279053,2034500.0,3.5780599117279053,0.059335916804011374,5.671051793391148,5.029980471648883,,,
2014-11-04,3.5804200172424316,3.619529962539673,3.547650098800659,3.5917599201202393,3.5917599201202393,2336120.0,3.5917599201202393,0.059563107677902925,10.698220664028685,7.833645649245803,,,
2014-11-05,3.5903100967407227,3.6710898876190186,3.5903100967407227,3.644850015640259,3.644850015640259,2855540.0,3.644850015640259,0.06044351481713711,27.85657573053423,14.741949395984692,,,
2014-11-06,3.6421399116516113,3.667409896850586,3.6187500953674316,3.64955997467041,3.64955997467041,2461750.0,3.64955997467041,0.0605216213173238,29.206405387566125,22.587067260709684,,,
2014-11-07,3.649669885635376,3.6619598865509033,3.55499005317688,3.5573699474334717,3.5573699474334717,2417010.0,3.5573699474334717,0.058992809636904266,2.7856165759491853,19.949532564683185,,,
2014-11-08,3.556649923324585,3.578749895095825,3.53233003616333,3.556260108947754,3.556260108947754,1508220.0,3.556260108947754,0.058974404890846606,6.56968467215395,12.853902211889759,,,
2014-11-09,3.554840087890625,3.6373000144958496,3.5469400882720947,3.631459951400757,3.631459951400757,1873830.0,3.631459951400757,0.06022146382936262,27.214805845101537,12.190035697734894,,,
2014-11-10,3.632159948348999,3.7310900688171387,3.593559980392456,3.6956300735473633,3.6956300735473633,3545550.0,3.6956300735473633,0.06128561398976493,44.831863330660596,26.205451282638695,,,
2014-11-11,3.698509931564331,3.737799882888794,3.6743600368499756,3.6758899688720703,3.6758899688720703,2783960.0,3.6758899688720703,0.06095825859672736,44.722739868877156,38.9231363482131,,,
2014-11-12,3.67972993850708,4.141510009765625,3.67972993850708,4.068610191345215,4.068610191345215,8733140.0,4.068610191345215,0.06747084223780625,88.03312295554827,59.19590871836201,,,
2014-11-13,4.132989883422852,4.350220203399658,4.01938009262085,4.097660064697266,4.097660064697266,13963000.0,4.097660064697266,0.06795258399476636,69.12053123761106,67.29213135401216,,,
2014-11-14,4.0854997634887695,4.09119987487793,3.861639976501465,3.989370107650757,3.989370107650757,7587850.0,3.989370107650757,0.06615678290687496,55.88037242601619,71.01134220639184,,,
2014-11-15,3.992259979248047,4.037660121917725,3.8097500801086426,3.854330062866211,3.854330062866211,3891770.0,3.854330062866211,0.06391737801701208,39.36959259345631,54.79016541902786,,,
2014-11-16,3.8411900997161865,3.9009499549865723,3.8259899616241455,3.8836300373077393,3.8836300373077393,2991050.0,3.8836300373077393,0.06440326726669282,42.95197756582169,46.06731419509807,,,
2014-11-17,3.8805599212646484,3.9969899654388428,3.8304800987243652,3.8774399757385254,3.8774399757385254,3967100.0,3.8774399757385254,0.06430061583341784,42.195144702782116,41.505571620686716,,,
2014-11-18,3.875149965286255,3.9060399532318115,3.7518699169158936,3.770159959793091,3.770159959793091,4024840.0,3.770159959793091,0.06252156286675098,29.07846715328467,38.075196473962826,,,
2014-11-19,3.7799599170684814,3.8439300060272217,3.772480010986328,3.807460069656372,3.807460069656372,2858300.0,3.807460069656372,0.06314012048463037,33.6389951260465,34.970868994037765,,,
2014-11-20,3.806960105895996,3.817500114440918,3.5854198932647705,3.6115500926971436,3.6115500926971436,3682840.0,3.6115500926971436,0.059891293360236325,9.685904013432523,24.134455430921236,,,
2014-11-21,3.614300012588501,3.614300012588501,3.480410099029541,3.496929883956909,3.496929883956909,3851320.0,3.496929883956909,0.05799051602904161,1.8992404025164955,15.074713180665178,,,
2014-11-22,3.5011401176452637,3.6206300258636475,3.489219903945923,3.523289918899536,3.523289918899536,2446510.0,3.523289918899536,0.05842765148202267,4.9297909571937,5.504978457714245,,,
2014-11-23,3.522779941558838,3.6119699478149414,3.5157299041748047,3.594360113143921,3.594360113143921,1686970.0,3.594360113143921,0.05960622736866658,13.10056224247913,6.643197867396446,,,
2014-11-24,3.594640016555786,3.689079999923706,3.5695900917053223,3.6285500526428223,3.6285500526428223,3281530.0,3.6285500526428223,0.06017320820624045,17.031298310860446,11.687217170177766,,,
2014-11-25,3.6249799728393555,3.696700096130371,3.5450499057769775,3.567500114440918,3.567500114440918,3468870.0,3.567500114440918,0.059160800884002836,10.012532042777794,13.381464198705794,,,
2014-11-26,3.5689098834991455,3.5871500968933105,3.5357799530029297,3.560460090637207,3.560460090637207,2497390.0,3.560460090637207,0.059044054301491435,9.20315724150332,12.082329198380526,,,
2014-11-27,3.5650699138641357,3.5802500247955322,3.5527799129486084,3.559880018234253,3.559880018234253,1764690.0,3.559880018234253,0.05903443480693542,13.011010063868206,10.742233116049777,,,
2014-11-28,3.5607900619506836,3.6427700519561768,3.5009100437164307,3.6038599014282227,3.6038599014282227,2007140.0,3.6038599014282227,0.05976376487815474,22.153395662300902,14.789187655890814,,,
2014-11-29,3.604710102081299,3.636120080947876,3.570319890975952,3.586280107498169,3.586280107498169,2264640.0,3.586280107498169,0.059472234491353144,20.494412452525577,18.552939392898235,,,
2014-11-30,3.5859599113464355,3.6141200065612793,3.562469959259033,3.576090097427368,3.576090097427368,1206290.0,3.576090097427368,0.05930325085085812,18.521821042482713,20.389876385769735,,,
2014-12-01,3.575589895248413,3.606920003890991,3.5666399002075195,3.5771400928497314,3.5771400928497314,1275120.0,3.5771400928497314,0.059320663203519336,22.726317918061685,20.58085047102333,,,
2014-12-02,3.5779900550842285,3.661590099334717,3.5777900218963623,3.6310999393463135,3.6310999393463135,2051950.0,3.6310999393463135,0.06021549365394972,41.452981643102675,27.567040201215693,,,
2014-12-03,3.628000020980835,3.6528499126434326,3.5820701122283936,3.6120200157165527,3.6120200157165527,1715450.0,3.6120200157165527,0.059899086218341516,39.04295905246496,34.40741953787644,,,
2014-12-04,3.6117000579833984,3.6368000507354736,3.5862200260162354,3.592629909515381,3.592629909515381,2291670.0,3.592629909515381,0.059577534942857675,51.88395764484902,44.12663278013889,,,
2014-12-05,3.594089984893799,3.6225099563598633,3.5757699012756348,3.618230104446411,3.618230104446411,2350920.0,3.618230104446411,0.06000206976733481,62.1795262199291,51.03548097241437,,,
2014-12-06,3.615959882736206,3.628230094909668,3.6036698818206787,3.6145200729370117,3.6145200729370117,1690520.0,3.6145200729370117,0.0599405453305135,58.02645630861066,57.363313391129594,,,
2014-12-07,3.615600109100342,3.749530076980591,3.6085100173950195,3.7111599445343018,3.7111599445343018,1759240.0,3.7111599445343018,0.061543149960539945,84.56675757680372,68.2575800351145,,,
2014-12-08,3.7083699703216553,3.7652199268341064,3.6531999111175537,3.6531999111175537,3.6531999111175537,2295450.0,3.6531999111175537,0.060581983349130945,57.61792393261387,66.73704593934276,,,
2014-12-09,3.655019998550415,3.6689200401306152,3.4825499057769775,3.521169900894165,3.521169900894165,3606940.0,3.521169900894165,0.05839249466098191,13.66257198862352,51.94908449934704,,,
2014-12-10,3.5238399505615234,3.540679931640625,3.48157000541687,3.4998600482940674,3.4998600482940674,1982380.0,3.4998600482940674,0.05803910772164066,6.448104334319005,25.9095334185188,,,
2014-12-11,3.4939301013946533,3.559809923171997,3.4396300315856934,3.4810800552368164,3.4810800552368164,2667680.0,3.4810800552368164,0.05772767411429036,12.730746333358475,10.947140885433667,,,
2014-12-12,3.4788999557495117,3.492419958114624,3.4788999557495117,3.4867100715637207,3.4867100715637207,2060970.0,3.4867100715637207,0.05782103816872764,14.459920490501405,11.212923719392961,,,
2014-12-13,3.486569881439209,3.489759922027588,3.459559917449951,3.476069927215576,3.476069927215576,2121910.0,3.476069927215576,0.05764458983208722,11.191961471064854,12.794209431641578,,,
2014-12-14,3.4751999378204346,3.4987399578094482,3.4676599502563477,3.4804799556732178,3.4804799556732178,1547550.0,3.4804799556732178,0.05771772250401601,12.546434850613968,12.732772270726743,,,
2014-12-15,3.481110095977783,3.481600046157837,3.448859930038452,3.450779914855957,3.450779914855957,2292030.0,3.450779914855957,0.0572251988474857,3.424517601124175,9.054304640934332,,,
2014-12-16,3.4518399238586426,3.4605700969696045,2.989269971847534,3.0152599811553955,3.0152599811553955,5220210.0,3.0152599811553955,0.050002856240017865,3.3494440125730898,6.440132154770411,,,
2014-12-17,3.0105600357055664,3.0688300132751465,2.8999900817871094,2.940229892730713,2.940229892730713,3969240.0,2.940229892730713,0.04875861237759057,4.65076547855533,3.8082423640841987,,,
2014-12-18,2.944430112838745,2.995959997177124,2.701970100402832,2.805569887161255,2.805569887161255,4301260.0,2.805569887161255,0.046525509778858935,9.743691857082025,5.914633782736814,,,
2014-12-19,2.8052799701690674,2.873840093612671,2.7272400856018066,2.869110107421875,2.869110107421875,2780240.0,2.869110107421875,0.047579214109167926,15.719730477646726,10.038062604428028,,,
2014-12-20,2.8671000003814697,2.943690061569214,2.8671000003814697,2.9235799312591553,2.9235799312591553,2591650.0,2.9235799312591553,0.048482501649140176,20.842686765361773,15.435369700030174,,,
2014-12-21,2.9146299362182617,2.920370101928711,2.8415799140930176,2.8503899574279785,2.8503899574279785,2187630.0,2.8503899574279785,0.04726877289521407,13.959076534562683,16.84049792585706,,,
2014-12-22,2.8602499961853027,2.906680107116699,2.835789918899536,2.8857901096343994,2.8857901096343994,2477440.0,2.8857901096343994,0.04785582301119582,19.010292227053306,17.93735184232592,,,
2014-12-23,2.887320041656494,2.9052700996398926,2.8621199131011963,2.881959915161133,2.881959915161133,1901360.0,2.881959915161133,0.0477923058800645,20.98175090278293,17.98370655479964,,,
2014-12-24,2.877700090408325,2.8808300495147705,2.729559898376465,2.738339900970459,2.738339900970459,2076240.0,2.738339900970459,0.04541061708120551,4.239695990123515,14.743913039986586,,,
2014-12-25,2.735949993133545,2.752739906311035,2.670909881591797,2.6994500160217285,2.6994500160217285,1640910.0,2.6994500160217285,0.044765695801304115,3.4475836587541338,9.556343517220194,,,
2014-12-26,2.700700044631958,2.8101799488067627,2.6816699504852295,2.7816898822784424,2.7816898822784424,2088360.0,2.7816898822784424,0.04612950132233153,13.381973410871757,7.023084353249803,,,
2014-12-27,2.7795801162719727,2.795370101928711,2.7029600143432617,2.716949939727783,2.716949939727783,2180800.0,2.716949939727783,0.04505590167899093,5.561534843762015,7.4636973044626345,,,
2014-12-28,2.7190001010894775,2.7618300914764404,2.6728100776672363,2.7330400943756104,2.7330400943756104,1701950.0,2.7330400943756104,0.045322728982362184,7.663866603965966,8.86912495286658,,,
2014-12-29,2.733799934387207,2.747220039367676,2.6870899200439453,2.694819927215576,2.694819927215576,1471530.0,2.694819927215576,0.044688913810232204,3.027890370840032,5.417763939522671,,,
2014-12-30,2.6961700916290283,2.723989963531494,2.6674299240112305,2.704010009765625,2.704010009765625,1536350.0,2.704010009765625,0.04484131538736185,9.113123472761247,6.601626815855748,,,
2014-12-31,2.7038400173187256,2.729830026626587,2.6923000812530518,2.7189300060272217,2.7189300060272217,1577550.0,2.7189300060272217,0.045088737643761895,15.675911042087732,9.27230829522967,,,
2015-01-01,2.724210023880005,2.724210023880005,2.689769983291626,2.699049949645996,2.699049949645996,770693.0,2.699049949645996,0.04475906139445454,11.4457431007863,12.07825920521176,,,
2015-01-02,2.697429895401001,2.69923996925354,2.6638500690460205,2.6673600673675537,2.6673600673675537,855392.0,2.6673600673675537,0.044233539669052656,1.2542875983825978,9.458647247085542,,,
2015-01-03,2.6664600372314453,2.6664600372314453,2.13316011428833,2.13316011428833,2.13316011428833,5193080.0,2.13316011428833,0.035374760119632406,0.0,4.233343566389633,,,
2015-01-04,2.110219955444336,2.1544599533081055,1.912410020828247,1.9566800594329834,1.9566800594329834,3888140.0,1.9566800594329834,0.03244814454840031,4.452516395217481,1.9022679978666932,,,
2015-01-05,1.9580299854278564,2.16048002243042,1.9580299854278564,2.0821800231933594,2.0821800231933594,10649500.0,2.0821800231933594,0.0345293437435798,17.099086365554154,7.183867586923879,,,
2015-01-06,2.0843400955200195,2.1182401180267334,2.0445399284362793,2.1121199131011963,2.1121199131011963,3242950.0,2.1121199131011963,0.035025844881213006,20.62223894148673,14.057947234086122,,,
2015-01-07,2.1180999279022217,2.149869918823242,2.0811400413513184,2.1181800365448,2.1181800365448,3388950.0,2.1181800365448,0.03512634151607736,22.920127897342198,20.21381773479436,,,
2015-01-08,2.115609884262085,2.123500108718872,2.001849889755249,2.0080699920654297,2.0080699920654297,2924520.0,2.0080699920654297,0.0333003574354031,10.655287981474006,18.065884940100975,,,
2015-01-09,2.0100200176239014,2.0112900733947754,1.9586299657821655,1.9833600521087646,1.9833600521087646,1951160.0,1.9833600521087646,0.03289058594535761,8.03547440016655,13.870296759660917,,,
2015-01-10,1.9699900150299072,1.9803400039672852,1.6218600273132324,1.6533199548721313,1.6533199548721313,2911190.0,1.6533199548721313,0.027417443450612845,2.7597152370831775,7.150159206241242,,,
2015-01-11,1.6535999774932861,1.8782099485397339,1.6439900398254395,1.724560022354126,1.724560022354126,2581500.0,1.724560022354126,0.02859883639022476,9.125968040521158,6.640385892590294,,,
2015-01-12,1.7176799774169922,1.7941999435424805,1.6967600584030151,1.714229941368103,1.714229941368103,1738370.0,1.714229941368103,0.028427529916580683,8.336860574935718,6.740847950846683,,,
2015-01-13,1.7101999521255493,1.7191400527954102,1.533460021018982,1.5411200523376465,1.5411200523376465,4039950.0,1.5411200523376465,0.02555680269935461,0.6402727653452179,6.03436712693403,,,
2015-01-14,1.5496100187301636,1.582669973373413,1.1137399673461914,1.1570099592208862,1.1570099592208862,4721280.0,1.1570099592208862,0.019187003117728616,2.6867926975198824,3.887975345933605,,,
2015-01-15,1.1532399654388428,1.376579999923706,1.1525399684906006,1.282770037651062,1.282770037651062,3487080.0,1.282770037651062,0.02127251586348789,10.660994645318718,4.662686702727938,,,
2015-01-16,1.2771899700164795,1.4727799892425537,1.271690011024475,1.402269959449768,1.402269959449768,2669280.0,1.402269959449768,0.023254214770958032,18.582228548440096,10.64333863042623,,,
2015-01-17,1.3977999687194824,1.4036200046539307,1.2521899938583374,1.2934099435806274,1.2934099435806274,1514960.0,1.2934099435806274,0.021448960246369768,17.164717769396763,15.46931365438519,,,
2015-01-18,1.296030044555664,1.3722800016403198,1.2333600521087646,1.3333300352096558,1.3333300352096558,1694820.0,1.3333300352096558,0.022110965716972592,20.9784718562045,18.90847272468045,,,
2015-01-19,1.328570008277893,1.3593000173568726,1.306380033493042,1.3417799472808838,1.3417799472808838,728641.0,1.3417799472808838,0.02225109285067882,22.008820381035306,20.050670002212186,,,
2015-01-20,1.3409899473190308,1.3448100090026855,1.2996400594711304,1.3235499858856201,1.3235499858856201,1069660.0,1.3235499858856201,0.021948780564307033,20.249392292958515,21.07889484339944,,,
2015-01-21,1.3238999843597412,1.374169945716858,1.3182100057601929,1.3733099699020386,1.3733099699020386,1191370.0,1.3733099699020386,0.022773963580971866,25.70610503628955,22.654772570094455,,,
2015-01-22,1.374269962310791,1.453879952430725,1.374269962310791,1.4187500476837158,1.4187500476837158,1660700.0,1.4187500476837158,0.023527508446440415,33.98251287388454,26.646003401044197,,,
2015-01-23,1.412310004234314,1.4301600456237793,1.380679965019226,1.425950050354004,1.425950050354004,1267530.0,1.425950050354004,0.023646908000939923,36.02701013320186,31.90520934779198,,,
2015-01-24,1.4306800365447998,1.8870099782943726,1.4191299676895142,1.8437999486923218,1.8437999486923218,4858920.0,1.8437999486923218,0.030576223723994392,94.41203861648962,54.807187207858675,,,
2015-01-25,1.8420499563217163,2.3749499320983887,1.8394999504089355,2.248300075531006,2.248300075531006,9178540.0,2.248300075531006,0.03728415664446959,89.95806724439677,73.46570533136276,,,
2015-01-26,2.245490074157715,2.3853600025177,2.060699939727783,2.081049919128418,2.081049919128418,8803090.0,2.081049919128418,0.03451060292804525,76.06910280017422,86.81306955368687,,,
2015-01-27,2.0741798877716064,2.1370201110839844,1.8695399761199951,2.0860800743103027,2.0860800743103027,4502690.0,2.0860800743103027,0.034594019325966736,76.46467341425362,80.83061448627488,,,
2015-01-28,2.0912699699401855,2.1348400115966797,1.8094300031661987,1.8720200061798096,1.8720200061798096,3295480.0,1.8720200061798096,0.031044204424315686,58.36050825187948,70.29809482210244,,,
2015-01-29,1.8766299486160278,1.9489099979400635,1.832669973373413,1.9156700372695923,1.9156700372695923,2191570.0,1.9156700372695923,0.03176806447057889,59.228299872636455,64.68449384625653,,,
2015-01-30,1.9144599437713623,1.9843800067901611,1.8906400203704834,1.897629976272583,1.897629976272583,1805110.0,1.897629976272583,0.03146890135289344,57.66232228812307,58.41704347087967,,,
2015-01-31,1.8961299657821655,1.9399199485778809,1.8705099821090698,1.8734999895095825,1.8734999895095825,1205140.0,1.8734999895095825,0.03106874738052469,55.56770529144396,57.4861091507345,,,
2015-02-01,1.8787800073623657,1.8809800148010254,1.6791499853134155,1.8035199642181396,1.8035199642181396,2661610.0,1.8035199642181396,0.02990825005485793,46.40974939938046,53.213258992982496,,,
2015-02-02,1.812809944152832,1.882449984550476,1.747920036315918,1.8761800527572632,1.8761800527572632,1955370.0,1.8761800527572632,0.03111319158040313,53.10209110356217,51.69318193146219,,,
2015-02-03,1.8741799592971802,1.937600016593933,1.8080899715423584,1.8217600584030151,1.8217600584030151,2425490.0,1.8217600584030151,0.030210730375968168,47.1864362247893,48.89942557591064,,,
2015-02-04,1.8208500146865845,1.838879942893982,1.757580041885376,1.7923500537872314,1.7923500537872314,3683490.0,1.7923500537872314,0.029723016466715872,41.34944217142962,47.21265649992703,,,
2015-02-05,1.7947399616241455,1.8101600408554077,1.7302000522613525,1.7412300109863281,1.7412300109863281,4490700.0,1.7412300109863281,0.028875279234393487,35.88705184835025,41.47431008152305,,,
2015-02-06,1.7403299808502197,1.8274600505828857,1.740190029144287,1.75941002368927,1.75941002368927,2332680.0,1.75941002368927,0.029176763208348718,35.217292335594195,37.48459545179136,,,
2015-02-07,1.759559988975525,1.7917399406433105,1.7426899671554565,1.7817200422286987,1.7817200422286987,1272440.0,1.7817200422286987,0.029546736164813892,14.524016144847868,28.542786776264105,,,
2015-02-08,1.7867900133132935,1.8136500120162964,1.7580900192260742,1.7835899591445923,1.7835899591445923,793432.0,1.7835899591445923,0.029577745493134022,14.788798131840364,21.510035537427473,,,
2015-02-09,1.7852699756622314,1.7855099439620972,1.7152600288391113,1.731469988822937,1.731469988822937,1412300.0,1.731469988822937,0.02871342619744626,11.426821835442956,13.579878704043729,,,
2015-02-10,1.7332500219345093,1.7861499786376953,1.6872899532318115,1.7631800174713135,1.7631800174713135,1943220.0,1.7631800174713135,0.029239282015445758,18.44017365121429,14.885264539499204,,,
2015-02-11,1.7608100175857544,1.7885500192642212,1.7151700258255005,1.7274399995803833,1.7274399995803833,1202390.0,1.7274399995803833,0.02864659581664871,15.820859964342276,15.229285150333174,,,
2015-02-12,1.7308100461959839,1.7651400566101074,1.7167500257492065,1.7575600147247314,1.7575600147247314,1073660.0,1.7575600147247314,0.02914608401886764,25.68883264888467,19.983288754813746,,,
2015-02-13,1.7550899982452393,1.8532099723815918,1.7456300258636475,1.821679949760437,1.821679949760437,2417560.0,1.821679949760437,0.030209401913094833,54.65735495865823,32.05568252396173,,,
2015-02-14,1.8229299783706665,1.963170051574707,1.8213800191879272,1.937690019607544,1.937690019607544,2967890.0,1.937690019607544,0.03213322767976605,91.0287916263909,57.12499307797793,,,
2015-02-15,1.9400299787521362,2.0295300483703613,1.7940800189971924,1.8420000076293945,1.8420000076293945,3678900.0,1.8420000076293945,0.030546374823809147,45.205122542684954,63.63042304257803,,,
2015-02-16,1.844480037689209,1.848620057106018,1.7956299781799316,1.796280026435852,1.796280026435852,1766700.0,1.796280026435852,0.029788188245801032,31.84608546813249,56.02666654573611,,,
2015-02-17,1.794119954109192,1.878909945487976,1.7926000356674194,1.853119969367981,1.853119969367981,1824820.0,1.853119969367981,0.030730780099534647,48.454292320435485,41.83516677708431,,,
2015-02-18,1.856660008430481,1.86326003074646,1.8040000200271606,1.828160047531128,1.828160047531128,1504230.0,1.828160047531128,0.030316863093647815,41.16118955678985,40.48718911511927,,,
2015-02-19,1.8252099752426147,1.8506100177764893,1.8163399696350098,1.8467600345611572,1.8467600345611572,1117190.0,1.8467600345611572,0.030625311613291673,46.59596686495399,45.40381624739311,,,
2015-02-20,1.842020034790039,1.8640600442886353,1.8322199583053589,1.8479499816894531,1.8479499816894531,1430460.0,1.8479499816894531,0.030645044822222668,46.94366052948917,44.90027231707767,,,
2015-02-21,1.848960041999817,1.8656599521636963,1.8350900411605835,1.8489099740982056,1.8489099740982056,934224.0,1.8489099740982056,0.03066096463103065,47.22416314224231,46.921263512228485,,,
2015-02-22,1.8498799800872803,1.8663599491119385,1.7851500511169434,1.7962000370025635,1.7962000370025635,1413400.0,1.7962000370025635,0.029786861759806976,31.822713153075078,41.99684560826885,,,
2015-02-23,1.8030500411987305,1.8229899406433105,1.7809200286865234,1.8204100131988525,1.8204100131988525,1207240.0,1.8204100131988525,0.03018834221816978,38.8966874010334,39.31452123211693,,,
2015-02-24,1.8135600090026855,1.8356900215148926,1.804360032081604,1.829319953918457,1.829319953918457,941910.0,1.829319953918457,0.03033609812900131,36.31184626113416,35.677082271747544,,,
2015-02-25,1.8300000429153442,1.8316899538040161,1.7914799451828003,1.802340030670166,1.802340030670166,768342.0,1.802340030670166,0.029888682903786108,27.364281197916444,34.19093828669467,,,
2015-02-26,1.8080999851226807,1.812540054321289,1.7932000160217285,1.810130000114441,1.810130000114441,917184.0,1.810130000114441,0.030017866033821533,22.719256476729626,28.798461311926744,,,
2015-02-27,1.801169991493225,1.8753900527954102,1.7971199750900269,1.8514200448989868,1.8514200448989868,2360850.0,1.8514200448989868,0.030702589801061803,28.35767291363381,26.147070196093296,,,
2015-02-28,1.849179983139038,1.8492100238800049,1.8194600343704224,1.8407299518585205,1.8407299518585205,1026120.0,1.8407299518585205,0.030525313152004817,24.057728344198875,25.04488591152077,,,
2015-03-01,1.8457599878311157,1.911679983139038,1.8078299760818481,1.891569972038269,1.891569972038269,1697220.0,1.891569972038269,0.03136840669490836,84.62066526027128,45.678688839367986,,,
2015-03-02,1.8924200534820557,1.9494400024414062,1.863569974899292,1.9361000061035156,1.9361000061035156,2442300.0,1.9361000061035156,0.032106860063985485,92.08402657521533,66.92080672656182,,,
2015-03-03,1.942199945449829,1.9722000360488892,1.9070700407028198,1.9559199810028076,1.9559199810028076,2818220.0,1.9559199810028076,0.032435539966137836,91.48888832106735,89.39786005218464,,,
2015-03-04,1.9560500383377075,1.9736499786376953,1.9210200309753418,1.9305000305175781,1.9305000305175781,2444050.0,1.9305000305175781,0.032013994183125706,77.61118698414583,87.06136729347618,,,
2015-03-05,1.9244799613952637,1.9397300481796265,1.8644399642944336,1.916409969329834,1.916409969329834,2042170.0,1.916409969329834,0.031780334960243746,70.30040773509096,79.80016101343472,,,
2015-03-06,1.9203300476074219,1.929229974746704,1.878190040588379,1.897819995880127,1.897819995880127,1718100.0,1.897819995880127,0.03147205249845906,60.654800783801434,69.52213183434607,,,
2015-03-07,1.893589973449707,1.9193400144577026,1.8821799755096436,1.9105000495910645,1.9105000495910645,1176540.0,1.9105000495910645,0.0316823291932669,67.23398254260435,66.06306368716558,,,
2015-03-08,1.9135299921035767,1.922860026359558,1.8775299787521362,1.891860008239746,1.891860008239746,1281400.0,1.891860008239746,0.03137321644218637,57.56239732399106,61.81706021679895,,,
2015-03-09,1.8925000429153442,1.945739984512329,1.8891299962997437,1.9442800283432007,1.9442800283432007,2713960.0,1.9442800283432007,0.03224251154301132,83.8777269029999,69.5580355898651,,,
2015-03-10,1.944000005722046,2.0834500789642334,1.9369299411773682,2.0090599060058594,2.0090599060058594,4023500.0,2.0090599060058594,0.03331677344090931,74.52130736972501,71.98714386557198,,,
2015-03-11,2.008239984512329,2.036220073699951,1.986340045928955,2.026279926300049,2.026279926300049,1945020.0,2.026279926300049,0.033602337606056555,80.30313858174449,79.5673909514898,,,
2015-03-12,2.0235800743103027,2.071729898452759,1.9981900453567505,2.042789936065674,2.042789936065674,2153170.0,2.042789936065674,0.033876127478237164,85.799557102657,80.20800101804217,,,
2015-03-13,2.042109966278076,2.0480198860168457,2.007960081100464,2.007960081100464,2.007960081100464,1702690.0,2.007960081100464,0.03329853475271082,72.61085201176954,79.57118256539034,,,
2015-03-14,2.0040900707244873,2.013979911804199,1.993149995803833,1.9960500001907349,1.9960500001907349,1524990.0,1.9960500001907349,0.033101026721145344,68.2896574453444,75.56668885325698,,,
2015-03-15,1.9946199655532837,2.034019947052002,1.9904500246047974,2.0188300609588623,2.0188300609588623,1035700.0,2.0188300609588623,0.03347879451259497,70.61124821630717,70.50391922447369,,,
2015-03-16,2.0217599868774414,2.0616300106048584,2.0173399448394775,2.0330801010131836,2.0330801010131836,1307010.0,2.0330801010131836,0.033715106707465047,77.00107228974684,71.96732598379947,,,
2015-03-17,2.0344700813293457,2.0536999702453613,1.9772100448608398,1.9821499586105347,1.9821499586105347,1493110.0,1.9821499586105347,0.032870518643829005,53.746373537848555,67.11956468130086,,,
2015-03-18,1.9826500415802002,1.9877599477767944,1.7286399602890015,1.7425400018692017,1.7425400018692017,2976040.0,1.7425400018692017,0.02889700316075521,3.9176001045571387,44.88834864405084,2.916695303604251,,
2015-03-19,1.743649959564209,1.7901500463485718,1.6536200046539307,1.7590899467468262,1.7590899467468262,2925790.0,1.7590899467468262,0.029171455287493205,24.537590177264956,27.400521273223546,2.898665467898051,,
2015-03-20,1.7632800340652466,1.792330026626587,1.7514599561691284,1.7672100067138672,1.7672100067138672,1015870.0,1.7672100067138672,0.029306112396243304,26.426722756010246,18.293971012610776,2.8827200046653956,,
2015-03-21,1.7669199705123901,1.7678200006484985,1.7255200147628784,1.746690034866333,1.746690034866333,1025410.0,1.746690034866333,0.028965824258983485,21.65274972016343,24.20568755114621,2.868615741286773,,
2015-03-22,1.7458300590515137,1.797719955444336,1.7400100231170654,1.797719955444336,1.797719955444336,1072060.0,1.797719955444336,0.02981206697057337,33.52486468556798,27.201445720580548,2.8550161787720976,,
2015-03-23,1.7996799945831299,1.7996799945831299,1.7519099712371826,1.7781599760055542,1.7781599760055542,1257730.0,1.7781599760055542,0.029487698642121526,28.97423395779321,28.05061612117487,2.8415311503280054,,
2015-03-24,1.7755099534988403,1.7778300046920776,1.6515899896621704,1.6515899896621704,1.6515899896621704,2014330.0,1.6515899896621704,0.027388754978562496,0.0,20.833032881120392,2.827373991247083,,
2015-03-25,1.6546000242233276,1.7864700555801392,1.6111700534820557,1.673140048980713,1.673140048980713,2189060.0,1.673140048980713,0.02774612532964447,13.455362245616358,14.143198734469854,2.8105792914583385,,
2015-03-26,1.672719955444336,1.7308800220489502,1.6468000411987305,1.6954900026321411,1.6954900026321411,1655180.0,1.6954900026321411,0.028116760540667037,18.718633658063073,10.724665301226475,2.79434267940417,,
2015-03-27,1.6912000179290771,1.6984599828720093,1.6666300296783447,1.6867400407791138,1.6867400407791138,1109440.0,1.6867400407791138,0.02797165760182363,16.776183121745603,16.316726341808344,2.778889620238966,,
2015-03-28,1.682669997215271,1.7163900136947632,1.677340030670166,1.703660011291504,1.703660011291504,843595.0,1.703660011291504,0.028252245961833698,20.532337302566045,18.67571802745824,2.763971970380981,,
2015-03-29,1.7045899629592896,1.7061899900436401,1.6435099840164185,1.6556799411773682,1.6556799411773682,1242080.0,1.6556799411773682,0.02745657972963577,9.880986531990096,15.729835652100581,2.7488565594772174,,
2015-03-30,1.6564600467681885,1.6840499639511108,1.643630027770996,1.6695799827575684,1.6695799827575684,1297260.0,1.6695799827575684,0.02768708780695211,13.199091646216136,14.53747182692409,2.734847542366695,,
2015-03-31,1.6696100234985352,1.6799900531768799,1.6422300338745117,1.6526000499725342,1.6526000499725342,1124990.0,1.6526000499725342,0.027405505076666316,11.001356414002245,11.360478197402822,2.7206716413706378,,
2015-04-01,1.6510299444198608,1.6772799491882324,1.6303600072860718,1.6646300554275513,1.6646300554275513,1245880.0,1.6646300554275513,0.027605001848783242,28.359248129429798,17.519898729882723,2.7053159038877226,,
2015-04-02,1.666890025138855,1.692870020866394,1.6595799922943115,1.6778099536895752,1.6778099536895752,1254970.0,1.6778099536895752,0.027823567598394494,35.35086787374726,24.903824139059765,2.6902844840711584,,
2015-04-03,1.6768200397491455,1.7044600248336792,1.6750199794769287,1.6985100507736206,1.6985100507736206,1053650.0,1.6985100507736206,0.028166842800240045,46.33177262770214,36.680629543626395,2.6759448670298673,,
2015-04-04,1.6998300552368164,1.7043700218200684,1.6736600399017334,1.687849998474121,1.687849998474121,794158.0,1.687849998474121,0.027990064324760564,40.67687069667674,40.78650373270871,2.6623532283501548,,
2015-04-05,1.6825100183486938,1.711549997329712,1.675130009651184,1.700819969177246,1.700819969177246,1012920.0,1.700819969177246,0.02820514878996714,47.55712890872022,44.85525741103303,2.6501271079798214,,
2015-04-06,1.701640009880066,1.7158499956130981,1.6745400428771973,1.6868699789047241,1.6868699789047241,1077700.0,1.6868699789047241,0.027973812400234246,43.18307160105622,43.80569040215105,2.6391310965428585,,
2015-04-07,1.685979962348938,1.6872400045394897,1.6663700342178345,1.6684199571609497,1.6684199571609497,898271.0,1.6684199571609497,0.02766785079471934,32.65824471973577,41.13281507650407,2.6273608774435324,,
2015-04-08,1.6682699918746948,1.6766200065612793,1.6180200576782227,1.627500057220459,1.627500057220459,1479550.0,1.627500057220459,0.026989265237630414,8.399789593319376,28.08036863803712,2.6151689108603637,,
2015-04-09,1.6195900440216064,1.6312999725341797,1.5500099658966064,1.5859400033950806,1.5859400033950806,1354130.0,1.5859400033950806,0.02630006383883047,21.59515998099874,20.884398098017957,2.6024806590679566,,
2015-04-10,1.585260033607483,1.5910899639129639,1.5159200429916382,1.5270400047302246,1.5270400047302246,1448110.0,1.5270400047302246,0.02532330953433182,5.546946357893134,11.847298644070415,2.589510057793289,,
2015-04-11,1.5228300094604492,1.5376800298690796,1.4390000104904175,1.4591100215911865,1.4591100215911865,1329260.0,1.4591100215911865,0.024196808601570925,7.263865696744641,11.46865734521217,2.5766779269025624,,
2015-04-12,1.4587899446487427,1.4872299432754517,1.4546899795532227,1.4624700546264648,1.4624700546264648,724290.0,1.4624700546264648,0.024252528920838505,8.477531297553465,7.096114450730411,2.5640539380370595,,
2015-04-13,1.4717600345611572,1.4830399751663208,1.367319941520691,1.3768999576568604,1.3768999576568604,1316410.0,1.3768999576568604,0.022833497300362455,2.748691547165526,6.163362847154542,2.550537926251771,,
2015-04-14,1.375849962234497,1.3910200595855713,1.3362200260162354,1.3784799575805664,1.3784799575805664,1669170.0,1.3784799575805664,0.02285969885828385,11.131874443213158,7.452699095977381,2.536967981057089,,
2015-04-15,1.3759599924087524,1.4205399751663208,1.345080018043518,1.3830000162124634,1.3830000162124634,1230190.0,1.3830000162124634,0.022934656189784196,12.322522967800646,8.734362986059773,2.5222526254549704,,
2015-04-16,1.383239984512329,1.4319299459457397,1.373020052909851,1.4214500188827515,1.4214500188827515,1098160.0,1.4214500188827515,0.02357228278515791,22.450807284004387,15.301734898339395,2.50785388321173,,
2015-04-17,1.4215400218963623,1.4417799711227417,1.3960700035095215,1.4091299772262573,1.4091299772262573,1127080.0,1.4091299772262573,0.023367976265762973,19.205530924612358,17.99295372547246,2.4937459048026245,,
2015-04-18,1.4098399877548218,1.422719955444336,1.3881299495697021,1.4099299907684326,1.4099299907684326,733823.0,1.4099299907684326,0.023381243102582838,19.41626601041837,20.35753473967837,2.479629293165572,,
2015-04-19,1.4098700284957886,1.425950050354004,1.3794200420379639,1.3891700506210327,1.3891700506210327,984396.0,1.3891700506210327,0.023036975507340837,13.947798868731603,17.52319860125411,2.4650577638970046,,
2015-04-20,1.3842899799346924,1.4150199890136719,1.3789600133895874,1.408959984779358,1.408959984779358,959972.0,1.408959984779358,0.023365157235915687,20.72245547650607,18.02884011855201,2.4509595124447934,,
2015-04-21,1.4081000089645386,1.4339599609375,1.3968700170516968,1.4238799810409546,1.4238799810409546,1055230.0,1.4238799810409546,0.02361257949231573,25.752044663562927,20.140766336266864,2.43737508560139,,
2015-04-22,1.4321999549865723,1.472480058670044,1.4213900566101074,1.4541900157928467,1.4541900157928467,1130670.0,1.4541900157928467,0.024115218840100282,39.97899253022854,28.817830890099177,2.4237913694538054,,
2015-04-23,1.4553099870681763,1.4630399942398071,1.4421499967575073,1.4617500305175781,1.4617500305175781,727959.0,1.4617500305175781,0.024240588570012697,49.252573896026384,38.327870363272616,2.4107773264900585,,
2015-04-24,1.4582099914550781,1.4621700048446655,1.416949987411499,1.4192800521850586,1.4192800521850586,1008680.0,1.4192800521850586,0.0235362976517006,41.22904029600543,43.486868907420124,2.3980977092284324,,
2015-04-25,1.4204100370407104,1.4300899505615234,1.3967000246047974,1.4029099941253662,1.4029099941253662,868387.0,1.4029099941253662,0.023264828635789776,44.16264131491052,44.88141850231411,2.3852855781388413,,
2015-04-26,1.3995000123977661,1.402609944343567,1.3040200471878052,1.3211699724197388,1.3211699724197388,1292150.0,1.3211699724197388,0.02190931216956577,9.579897291653348,31.657192967523102,2.372463828878976,,
2015-04-27,1.3218499422073364,1.3963500261306763,1.3218499422073364,1.3834799528121948,1.3834799528121948,1465060.0,1.3834799528121948,0.022942615105748552,47.16840805437517,33.63698222031301,2.3596567247734694,,
2015-04-28,1.38264000415802,1.3863400220870972,1.3521499633789062,1.3640199899673462,1.3640199899673462,1014190.0,1.3640199899673462,0.022619905379009105,35.616727228982164,30.788344191670223,2.346305412672908,,
2015-04-29,1.36257004737854,1.368149995803833,1.3494900465011597,1.3613200187683105,1.3613200187683105,1372440.0,1.3613200187683105,0.022575131040291605,34.01399007179023,38.93304178504919,2.3327275436432635,,
2015-04-30,1.3609800338745117,1.4545700550079346,1.3581199645996094,1.4398399591445923,1.4398399591445923,2039930.0,1.4398399591445923,0.023877248043517818,80.62442282992899,50.0850467102338,2.3202296749490205,,
2015-05-01,1.4428499937057495,1.4484699964523315,1.406499981880188,1.4065899848937988,1.4065899848937988,1169670.0,1.4065899848937988,0.02332585489903359,60.88681628566071,58.50840972912664,2.3072281991197765,,
2015-05-02,1.4072500467300415,1.4259999990463257,1.4018900394439697,1.42153000831604,1.42153000831604,807758.0,1.42153000831604,0.02357360927115197,69.75540372714761,70.42221428091243,2.294482461741713,,
2015-05-03,1.419800043106079,1.452739953994751,1.4139599800109863,1.4327000379562378,1.4327000379562378,1673860.0,1.4327000379562378,0.02375884483617331,76.38607503122468,69.00943168134432,2.2828000028276705,,
2015-05-04,1.4346100091934204,1.450600028038025,1.4054100513458252,1.4076600074768066,1.4076600074768066,1462600.0,1.4076600074768066,0.023343599367413134,61.521995265878594,69.22115800808363,2.270901423985841,,
2015-05-05,1.4148800373077393,1.4221400022506714,1.3898799419403076,1.4066400527954102,1.4066400527954102,1229630.0,1.4066400527954102,0.023326685188329425,60.91653722724845,66.27486917478392,2.259035741696592,,
2015-05-06,1.4063299894332886,1.4108999967575073,1.3860700130462646,1.3889000415802002,1.3889000415802002,1100820.0,1.3889000415802002,0.02303249787578116,53.376947965300204,58.605160152809084,2.2469982560215103,,
2015-05-07,1.3897299766540527,1.487220048904419,1.3830499649047852,1.455180048942566,1.455180048942566,1742090.0,1.455180048942566,0.024131636822485765,82.5109172152658,65.60146746927148,2.2350328463674245,,
2015-05-08,1.4549000263214111,1.4918099641799927,1.4418200254440308,1.4810800552368164,1.4810800552368164,1444320.0,1.4810800552368164,0.02456114349834153,94.28621668562607,76.72469395539736,2.223183229321339,,
2015-05-09,1.4804799556732178,1.4906599521636963,1.4416600465774536,1.4483100175857544,1.4483100175857544,1323730.0,1.4483100175857544,0.024017709269821656,76.83584545380677,84.54432645156622,2.211658311671898,,
2015-05-10,1.4483000040054321,1.4538700580596924,1.4227299690246582,1.4387400150299072,1.4387400150299072,993855.0,1.4387400150299072,0.02385900737844005,68.77503983929614,79.96570065957633,2.200087163617702,,
2015-05-11,1.4385199546813965,1.4528599977493286,1.4319100379943848,1.4373300075531006,1.4373300075531006,826032.0,1.4373300075531006,0.02383562485036594,61.72007578739993,69.11032036016762,2.1880973825037806,,
2015-05-12,1.4388099908828735,1.4513200521469116,1.4276000261306763,1.4456199407577515,1.4456199407577515,723296.0,1.4456199407577515,0.02397309901208405,67.54493385354805,66.01334982674804,2.1758022451661323,,
2015-05-13,1.443809986114502,1.4830900430679321,1.443809986114502,1.4514199495315552,1.4514199495315552,1913000.0,1.4514199495315552,0.02406928209636862,69.78830520217608,66.35110494770802,2.1636466712899547,,
2015-05-14,1.4500399827957153,1.457990050315857,1.4372899532318115,1.4477699995040894,1.4477699995040894,1078360.0,1.4477699995040894,0.024008754006702302,59.507203963412955,65.61348100637903,2.1493251401869977,,
2015-05-15,1.4478399753570557,1.4562599658966064,1.4469799995422363,1.4542900323867798,1.4542900323867798,691297.0,1.4542900323867798,0.024116877441812675,65.50208528571977,64.93253148376961,2.1348804952016947,,
2015-05-16,1.454699993133545,1.4547699689865112,1.3995599746704102,1.4461300373077393,1.4461300373077393,757344.0,1.4461300373077393,0.02398155807850518,57.999331393277764,61.002873547470166,2.1209830084785084,,
2015-05-17,1.446470022201538,1.4589500427246094,1.4463499784469604,1.4541399478912354,1.4541399478912354,481714.0,1.4541399478912354,0.024114388550804448,65.36408924255626,62.95516864051793,2.1078672155005034,,
2015-05-18,1.4536399841308594,1.4644299745559692,1.4416500329971313,1.446370005607605,1.446370005607605,630744.0,1.446370005607605,0.023985537536487356,58.21997161161622,60.52779741581674,2.0945488546715407,,
2015-05-19,1.4467799663543701,1.4560799598693848,1.4432499408721924,1.4531899690628052,1.4531899690628052,516737.0,1.4531899690628052,0.02409863479985563,64.49062580493124,62.69156221970123,2.0813015868754987,,
2015-05-20,1.4535200595855713,1.4620000123977661,1.4494999647140503,1.459190011024475,1.459190011024475,892369.0,1.459190011024475,0.024198135087564986,70.00739851700837,64.23933197785193,2.0686733357893314,,
2015-05-21,1.4607499837875366,1.4843300580978394,1.455970048904419,1.478060007095337,1.478060007095337,1109240.0,1.478060007095337,0.02451106123876852,85.0948957742402,73.19764003205994,2.055944373698834,,
2015-05-22,1.479490041732788,1.8751100301742554,1.4792200326919556,1.8322999477386475,1.8322999477386475,5017600.0,1.8322999477386475,0.030385516157137648,90.99777574618288,82.03335667914381,2.0462216953110826,,
2015-05-23,1.8313000202178955,1.9041399955749512,1.7719199657440186,1.786460041999817,1.786460041999817,2701800.0,1.786460041999817,0.029625340838578082,76.67764304972401,84.25677152338237,2.036874865573612,,
2015-05-24,1.7873799800872803,1.8391000032424927,1.7872300148010254,1.8311699628829956,1.8311699628829956,1725070.0,1.8311699628829956,0.030366777318482377,85.53846175654259,84.40462685081648,2.0276283084369098,,
2015-05-25,1.8334100246429443,1.8441699743270874,1.787619948387146,1.803320050239563,1.803320050239563,1457180.0,1.803320050239563,0.02990493482831243,80.01903738585365,80.74504739737341,2.0178412042680334,,
2015-05-26,1.8027000427246094,1.8173099756240845,1.7925399541854858,1.8173099756240845,1.8173099756240845,1381530.0,1.8173099756240845,0.03013693347260271,82.79162544026022,82.78304152755216,2.0079437175083683,,
2015-05-27,1.8161200284957886,1.8703900575637817,1.8107000589370728,1.845020055770874,1.845020055770874,1675280.0,1.845020055770874,0.03059645708338216,88.28333716065589,83.69799999558991,1.9985312581713734,,
2015-05-28,1.847000002861023,1.855970025062561,1.8290899991989136,1.840749979019165,1.840749979019165,1301610.0,1.840749979019165,0.030525645267723157,87.43707361973047,86.17067874021552,1.9891339351570672,,
2015-05-29,1.8406000137329102,1.8441499471664429,1.813979983329773,1.8313499689102173,1.8313499689102173,1762870.0,1.8313499689102173,0.03036976240618883,85.57413618275135,87.0981823210459,1.9796884157618537,,
2015-05-30,1.8301700353622437,1.838189959526062,1.8080600500106812,1.8131200075149536,1.8131200075149536,1327450.0,1.8131200075149536,0.030067450119817044,80.31957546653085,84.4435950896709,1.9699029518606885,,
2015-05-31,1.8120900392532349,1.8137400150299072,1.629580020904541,1.6370799541473389,1.6370799541473389,2071950.0,1.6370799541473389,0.02714813120999191,42.256035149589636,69.38324893295727,1.9592515849024872,,
2015-06-01,1.6385600566864014,1.6776599884033203,1.5933899879455566,1.6160099506378174,1.6160099506378174,1998470.0,1.6160099506378174,0.026798721751753567,37.48399602092583,53.353202212348776,1.9485407644282273,,
2015-06-02,1.6160800457000732,1.675719976425171,1.606369972229004,1.6699700355529785,1.6699700355529785,1370450.0,1.6699700355529785,0.027693556155942513,48.493325680417705,42.74445228364439,1.9381190701260593,,
2015-06-03,1.6705000400543213,1.7026400566101074,1.6614500284194946,1.6871800422668457,1.6871800422668457,1162310.0,1.6871800422668457,0.02797895426323059,51.589803171786194,45.85570829104324,1.9274965570272644,,
2015-06-04,1.686669945716858,1.6890900135040283,1.6637300252914429,1.6683499813079834,1.6683499813079834,1065250.0,1.6683499813079834,0.027666690366584448,44.50954653502734,48.197558462410406,1.9168754092982558,,
2015-06-05,1.6692899465560913,1.7723400592803955,1.6654000282287598,1.7605700492858887,1.7605700492858887,1474750.0,1.7605700492858887,0.029196000220581483,53.798892111279905,49.96608060603114,1.9068641532314279,,
2015-06-06,1.7610599994659424,1.7849500179290771,1.7508200407028198,1.759809970855713,1.759809970855713,1184500.0,1.759809970855713,0.029183395638319013,60.07940111333701,52.79594658654809,1.896708851954976,,
2015-06-07,1.7584999799728394,1.773110032081604,1.7192599773406982,1.730530023574829,1.730530023574829,1160830.0,1.730530023574829,0.028697838504356612,49.509025690240975,54.462439638285964,1.886413824362833,,
2015-06-08,1.731819987297058,1.7994600534439087,1.7285499572753906,1.786460041999817,1.786460041999817,1710280.0,1.786460041999817,0.029625340838578082,69.70036300725799,59.76292993694532,1.8758963385566336,,
2015-06-09,1.784909963607788,1.803030014038086,1.7826199531555176,1.7958199977874756,1.7958199977874756,1480430.0,1.7958199977874756,0.02978055946867574,73.07940756871209,64.09626542207035,1.865746721543901,,
2015-06-10,1.7966500520706177,1.7968599796295166,1.747730016708374,1.7592400312423706,1.7592400312423706,1212820.0,1.7592400312423706,0.029173944178501436,63.16171066078111,68.64716041225039,1.856118689469301,,
2015-06-11,1.7591500282287598,1.7996799945831299,1.7576600313186646,1.7921600341796875,1.7921600341796875,1048480.0,1.7921600341796875,0.029719865321150257,79.26705956234457,71.83605926394593,1.8467869954031022,,
2015-06-12,1.7896000146865845,1.8106800317764282,1.7883800268173218,1.8021899461746216,1.8021899461746216,963104.0,1.8021899461746216,0.029886194012777884,85.29411048579252,75.90762690297274,1.837612732512052,,
2015-06-13,1.8027399778366089,1.8623299598693848,1.7971999645233154,1.8615299463272095,1.8615299463272095,1470540.0,1.8615299463272095,0.030870244978683493,99.70253081516574,88.0879002877676,1.828731966800377,,
2015-06-14,1.8607800006866455,2.0714900493621826,1.8539799451828003,2.0028700828552246,2.0028700828552246,3128440.0,2.0028700828552246,0.033214125961392886,85.64736295920255,90.21466808672028,1.8206816944268231,,
2015-06-15,2.002350091934204,2.027290105819702,1.9931999444961548,2.018249988555908,2.018249988555908,1895750.0,2.018249988555908,0.033469175018038956,88.55348039705667,91.30112472380831,1.8126913667376576,,
2015-06-16,2.0180399417877197,2.878459930419922,2.0086700916290283,2.8765900135040283,2.8765900135040283,10053700.0,2.8765900135040283,0.04770325537620701,99.8463515446489,91.34906496696938,1.809553717003494,,
2015-06-17,2.8964200019836426,3.195349931716919,2.721909999847412,2.888619899749756,2.888619899749756,13038800.0,2.888619899749756,0.04790275017144466,79.97348880878576,89.4577735834971,1.808861694700731,,
2015-06-18,2.8903300762176514,3.129080057144165,2.882930040359497,3.0950698852539062,3.0950698852539062,7435550.0,3.0950698852539062,0.05132636505388746,93.44553398549962,91.0884581129781,1.8097078148784533,,
2015-06-19,3.095329999923706,3.11926007270813,2.686579942703247,2.807300090789795,2.807300090789795,7275770.0,2.807300090789795,0.046554202204667834,73.7109625482744,82.37666178085327,1.80971726954309,,
2015-06-20,2.8101999759674072,3.0921199321746826,2.7510900497436523,3.03590989112854,3.03590989112854,5729100.0,3.03590989112854,0.05034529917568831,89.19848752335989,85.45166135237797,1.8106287437709954,,
2015-06-21,3.0351901054382324,3.049099922180176,2.9046599864959717,3.02236008644104,3.02236008644104,3196090.0,3.02236008644104,0.050120599169684255,88.20630977023684,83.70525328062371,1.811168526039749,,
2015-06-22,3.0214500427246094,3.046180009841919,2.9591400623321533,3.0284600257873535,3.0284600257873535,3039690.0,3.0284600257873535,0.050221756082226725,88.47142787970141,88.62540839109938,1.812141586522587,,
2015-06-23,3.0277700424194336,3.0277700424194336,2.970629930496216,2.974529981613159,2.974529981613159,2332310.0,2.974529981613159,0.04932741985161528,84.74599942883098,87.14124569292308,1.8126265038558043,,
2015-06-24,2.9742300510406494,2.9742300510406494,2.778630018234253,2.778630018234253,2.778630018234253,3317430.0,2.778630018234253,0.04607875878508041,71.01461773034433,81.41068167962557,1.8120618596103022,,
2015-06-25,2.772779941558838,2.8938798904418945,2.687809944152832,2.850330114364624,2.850330114364624,4221940.0,2.850330114364624,0.04726778050181762,75.47781113506362,77.07947609807964,1.8126738279895054,,
2015-06-26,2.8467400074005127,2.9083099365234375,2.8223400115966797,2.8602399826049805,2.8602399826049805,2100370.0,2.8602399826049805,0.04743211847601452,76.03190237277776,74.17477707939524,1.8135524616866816,,
2015-06-27,2.8614299297332764,3.116580009460449,2.8559699058532715,3.1031699180603027,3.1031699180603027,4570240.0,3.1031699180603027,0.05146069004691923,93.1279203663417,81.54587795806103,1.8153091831936863,,
2015-06-28,3.0935800075531006,3.3058199882507324,3.0226199626922607,3.3058199882507324,3.3058199882507324,2837150.0,3.3058199882507324,0.054821289925566764,100.0,89.71994091303982,1.818527052311298,,
2015-06-29,3.187730073928833,3.8203399181365967,3.033050060272217,3.7365000247955322,3.7365000247955322,12726600.0,3.7365000247955322,0.06196337123443729,95.37223107023391,96.1667171455252,1.824010439909221,,
2015-06-30,3.744119882583618,4.3433098793029785,3.726639986038208,4.0867600440979,4.0867600440979,15390500.0,4.0867600440979,0.0677718260613047,84.51468585570316,93.29563897531234,1.831616670056119,,
2015-07-01,4.085999965667725,4.114250183105469,3.8436999320983887,3.924269914627075,3.924269914627075,7113180.0,3.924269914627075,0.0650772091343629,74.70680311747489,84.86457334780398,1.8382847569679301,,
2015-07-02,3.926640033721924,4.162199974060059,3.922679901123047,4.065370082855225,4.065370082855225,6288460.0,4.065370082855225,0.06741711065909013,83.22359062224729,80.81502653180844,1.8456423530161707,,
2015-07-03,4.0623297691345215,4.130919933319092,4.061009883880615,4.115310192108154,4.115310192108154,4281280.0,4.115310192108154,0.06824528074034068,86.22774411802403,81.38604595258208,1.8533814800241606,,
2015-07-04,4.118319988250732,4.139279842376709,4.058460235595703,4.113530158996582,4.113530158996582,3939060.0,4.113530158996582,0.06821576197899451,86.12022172712702,85.19051882246612,1.8612840488308766,,
2015-07-05,4.1269001960754395,4.9527201652526855,4.036970138549805,4.9527201652526855,4.9527201652526855,14069300.0,4.9527201652526855,0.08213227249654018,100.0,90.78265528171703,1.8766914808033595,,
2015-07-06,4.947000026702881,5.690670013427734,4.672239780426025,5.417230129241943,5.417230129241943,22969200.0,5.417230129241943,0.08983536446757168,90.89401843983299,92.33808005565334,1.8956015904744465,,
2015-07-07,5.437069892883301,5.484930038452148,4.899270057678223,5.234630107879639,5.234630107879639,13570800.0,5.234630107879639,0.08680725986807879,84.81314829770888,91.90238891251396,1.9128280936694535,,
2015-07-08,5.246779918670654,6.388619899749756,5.139400005340576,6.361120223999023,6.361120223999023,23234900.0,6.361120223999023,0.10548814433049745,99.25692818381168,91.65469830711784,1.9360466746033216,,
2015-07-09,6.356450080871582,7.8332600593566895,5.995810031890869,7.536940097808838,7.536940097808838,42419800.0,7.536940097808838,0.12498707725227459,94.0865158748579,92.71886411879284,1.9656573853206114,,
2015-07-10,7.527009963989258,8.727479934692383,4.068630218505859,4.50521993637085,4.50521993637085,62612600.0,4.50521993637085,0.07471125747561341,28.089026884344104,73.81082364767123,1.97930301343157,,
2015-07-11,4.475769996643066,4.7896599769592285,3.7053298950195312,4.373819828033447,4.373819828033447,19647300.0,4.373819828033447,0.0725322146175577,23.68506627634992,48.62020301185064,1.9923656351579344,,
2015-07-12,4.387509822845459,5.38401985168457,4.347780227661133,5.28725004196167,5.28725004196167,19203600.0,5.28725004196167,0.08767987019544923,39.58605218435474,30.45338178168292,2.01222317661744,,
2015-07-13,5.299920082092285,5.299920082092285,4.319900035858154,4.679900169372559,4.679900169372559,14296100.0,4.679900169372559,0.07760802612353955,19.405439237265636,27.558852565990097,2.0283725763279232,,
2015-07-14,4.682839870452881,4.887420177459717,4.4798102378845215,4.649889945983887,4.649889945983887,5418730.0,4.649889945983887,0.07711035862713361,18.807881953002845,25.933124458207743,2.0444144342766433,,
2015-07-15,4.648960113525391,4.720489978790283,4.14463996887207,4.214089870452881,4.214089870452881,7539760.0,4.214089870452881,0.06988337035336765,10.130322101378134,16.114547763882204,2.0590208267253605,,
2015-07-16,4.197480201721191,4.2677202224731445,3.299720048904419,3.6897799968719482,3.6897799968719482,17295300.0,3.6897799968719482,0.06118860061618452,7.186389158239323,12.041531070873434,2.072861100155148,,
2015-07-17,3.720789909362793,3.933419942855835,3.550290107727051,3.7868099212646484,3.7868099212646484,9454510.0,3.7868099212646484,0.06279767359520137,8.974049748140567,8.763587002586009,2.086544378207681,,
2015-07-18,3.782989978790283,4.2259202003479,3.7768499851226807,4.001880168914795,4.001880168914795,8471440.0,4.001880168914795,0.06636424057183551,12.93646245938238,9.698967121920758,2.1007498984779818,,
2015-07-19,4.004380226135254,4.0747199058532715,3.658950090408325,3.7661099433898926,3.7661099433898926,4693260.0,3.7661099433898926,0.0624544003702351,8.592677353076507,10.167729853533151,2.114261920334863,,
2015-07-20,3.770319938659668,3.9385900497436523,3.7337400913238525,3.9385900497436523,3.9385900497436523,4242190.0,3.9385900497436523,0.06531468373424713,11.77041752550715,11.09985244598868,2.1284983138569067,,
2015-07-21,3.930530071258545,4.007840156555176,3.7662100791931152,3.7662100791931152,3.7662100791931152,4431730.0,3.7662100791931152,0.06245606094882677,8.594522235778205,9.65253903812062,2.141746565943859,,
2015-07-22,3.782979965209961,3.8406999111175537,3.6842401027679443,3.823659896850586,3.823659896850586,2892200.0,3.823659896850586,0.06340876651693535,9.652966582365776,10.005968781217044,2.155408368736017,,
2015-07-23,3.825540065765381,3.8506100177764893,3.760509967803955,3.784440040588379,3.784440040588379,2177740.0,3.784440040588379,0.06275837323519855,8.93038752420036,9.05929211411478,2.168583942892773,,
2015-07-24,3.7894599437713623,4.725619792938232,3.759730100631714,4.601830005645752,4.601830005645752,14874300.0,4.601830005645752,0.07631336788582091,62.47229669189186,27.01855026615267,2.185977822444478,,
2015-07-25,4.597760200500488,4.881259918212891,4.472340106964111,4.6319899559021,4.6319899559021,10288900.0,4.6319899559021,0.07681351834259724,63.919303030237174,45.1073290821098,2.2034971661906426,,
2015-07-26,4.63254976272583,4.751999855041504,4.436930179595947,4.662320137023926,4.662320137023926,7946990.0,4.662320137023926,0.0773164917829794,68.12319095644803,64.83826355952569,2.2188989158536567,,
2015-07-27,4.683129787445068,4.739739894866943,4.586120128631592,4.671370029449463,4.671370029449463,5164400.0,4.671370029449463,0.0774665685500807,86.39225732085534,72.81158376918017,2.232139735273976,,
2015-07-28,4.670010089874268,5.136690139770508,4.650209903717041,5.0584001541137695,5.0584001541137695,10629300.0,5.0584001541137695,0.08388479178956731,95.73809143404037,83.4178465704479,2.248409408689197,,
2015-07-29,5.049620151519775,5.0990800857543945,4.723979949951172,4.797679901123047,4.797679901123047,6609040.0,4.797679901123047,0.07956119866305995,81.54514108133218,87.8918299454093,2.263226894081616,,
2015-07-30,4.7926201820373535,4.7926201820373535,4.508059978485107,4.578030109405518,4.578030109405518,5420630.0,4.578030109405518,0.07591868789216685,64.78441634640066,80.68921628725774,2.2780138345364014,,
2015-07-31,4.582200050354004,4.766970157623291,4.509860038757324,4.641039848327637,4.641039848327637,4640650.0,4.641039848327637,0.07696359510969854,66.45889839306973,70.92948527360086,2.2929065657443686,,
2015-08-01,4.639080047607422,4.644179821014404,4.07289981842041,4.153200149536133,4.153200149536133,6284530.0,4.153200149536133,0.0688736199568767,33.44634662511409,54.89655378819483,2.305232085816847,,
2015-08-02,4.0873799324035645,4.199079990386963,3.858910083770752,4.174910068511963,4.174910068511963,6950580.0,4.174910068511963,0.06923364130306753,33.78222680599873,44.56249060806084,2.317808097177516,,
2015-08-03,4.169469833374023,4.3742499351501465,4.0387701988220215,4.162189960479736,4.162189960479736,5494590.0,4.162189960479736,0.06902270037682302,32.90645774626039,33.37834372579107,2.3306970042609128,,
2015-08-04,4.183420181274414,4.472259998321533,4.182620048522949,4.377930164337158,4.377930164337158,4323960.0,4.377930164337158,0.07260037741498714,47.75999476035605,38.14955977087172,2.344367769897961,,
2015-08-05,4.374330043792725,4.425429821014404,4.301050186157227,4.349219799041748,4.349219799041748,2565020.0,4.349219799041748,0.0721242658102045,42.81095178177608,41.1591347627975,2.3581790253112875,,
2015-08-06,4.348999977111816,4.362229824066162,4.023670196533203,4.064670085906982,4.064670085906982,3879570.0,4.064670085906982,0.06740550242398265,22.145884891909446,37.57227714468052,2.3705960746671333,,
2015-08-07,4.063340187072754,4.22068977355957,3.9702699184417725,4.208280086517334,4.208280086517334,4192810.0,4.208280086517334,0.06978702516498247,27.341951465444442,30.766262713043318,2.3840772226208546,,
2015-08-08,4.220990180969238,4.223639965057373,3.8354198932647705,3.854749917984009,3.854749917984009,4917730.0,3.854749917984009,0.06392434058582144,1.4854735033821473,16.991103286912008,2.3955271673984213,,
2015-08-09,3.8433899879455566,3.984260082244873,3.811389923095703,3.898590087890625,3.898590087890625,3064680.0,3.898590087890625,0.06465135375452953,6.579653703951563,11.802359557592714,2.4070947632763553,,
2015-08-10,3.9007999897003174,3.9801299571990967,3.8976099491119385,3.9488799571990967,3.9488799571990967,2239890.0,3.9488799571990967,0.06548532399957528,10.374255762845781,6.1464609900598255,2.4189269490580743,,
2015-08-11,3.948740005493164,4.159550189971924,3.9429500102996826,4.159550189971924,4.159550189971924,3426300.0,4.159550189971924,0.0689789243621398,27.037580698556773,14.663830055118034,2.4321951468785605,,
2015-08-12,4.143340110778809,4.157549858093262,3.974440097808838,3.985450029373169,3.985450029373169,3519900.0,3.985450029373169,0.06609177520876969,17.738966434362318,18.383600965254953,2.444338698856166,,
2015-08-13,3.9722700119018555,3.9725100994110107,3.840409994125366,3.880340099334717,3.880340099334717,2409030.0,3.880340099334717,0.06434870935243941,7.215529763767112,17.330692298895396,2.456103180275589,,
2015-08-14,3.880690097808838,4.067309856414795,3.864799976348877,4.0262298583984375,4.0262298583984375,3157170.0,4.0262298583984375,0.06676803793270955,25.79761544174105,16.917370546623488,2.4685002832464833,,
2015-08-15,4.02249002456665,4.0418701171875,3.9151101112365723,3.92546010017395,3.92546010017395,2016290.0,3.92546010017395,0.06509694629705244,17.260605579586493,16.75791692836488,2.4799963496421857,,
2015-08-16,3.932029962539673,3.9865400791168213,3.892359972000122,3.952280044555664,3.952280044555664,3197720.0,3.952280044555664,0.06554170855027952,21.31888350547821,21.45903484226858,2.491005038303104,,
2015-08-17,3.963320016860962,4.034989833831787,3.93533992767334,3.983959913253784,3.983959913253784,2289060.0,3.983959913253784,0.06606706421782224,26.112544148577328,21.564011077880675,2.5027097372409424,,
2015-08-18,3.983680009841919,3.999569892883301,3.437700033187866,3.469710111618042,3.469710111618042,3464380.0,3.469710111618042,0.05753912332272352,3.2407728130395608,16.890733489031696,2.511854163935927,,
2015-08-19,3.4796500205993652,3.619149923324585,3.3585400581359863,3.4778199195861816,3.4778199195861816,5742670.0,3.4778199195861816,0.0576736104198559,11.8841364631881,13.745817808268326,2.520732305740398,,
2015-08-20,3.4708099365234375,3.624969959259033,3.4708099365234375,3.6050899028778076,3.6050899028778076,2882900.0,3.6050899028778076,0.059784162318522405,28.499580541999265,14.541496606075638,2.530442304949943,,
2015-08-21,3.6002299785614014,3.643090009689331,3.5482900142669678,3.5650200843811035,3.5650200843811035,1720630.0,3.5650200843811035,0.059119673887549185,23.867766554260005,21.41716118648245,2.539831704129287,,
2015-08-22,3.5625600814819336,3.590790033340454,3.458970069885254,3.511229991912842,3.511229991912842,1913720.0,3.511229991912842,0.05822765851320752,19.06217258786551,23.809839894708258,2.548920665933786,,
2015-08-23,3.513279914855957,3.5400900840759277,3.3531599044799805,3.394469976425171,3.394469976425171,2066020.0,3.394469976425171,0.05629139619901227,5.122838492528338,16.01759254488461,2.557366349006611,,
2015-08-24,3.392580032348633,3.392580032348633,2.9661099910736084,2.9947400093078613,2.9947400093078613,7278630.0,2.9947400093078613,0.049662568102758035,2.398948708170026,8.861319929521287,2.563915747762378,,
2015-08-25,2.9847700595855713,3.053189992904663,2.543790102005005,2.9372000694274902,2.9372000694274902,11404300.0,2.9372000694274902,0.048708368013916946,24.37847182260317,10.63341967443384,2.5700184256652667,,
2015-08-26,2.949690103530884,3.039669990539551,2.8365800380706787,2.946510076522827,2.946510076522827,4551630.0,2.946510076522827,0.04886275833159805,26.43352495772761,17.736981829500262,2.576123289723214,,
2015-08-27,2.9461400508880615,2.9902000427246094,2.8364500999450684,2.8660500049591064,2.8660500049591064,1936130.0,2.8660500049591064,0.04752846761815825,21.152328482865304,23.98810842106536,2.581935912533536,,
2015-08-28,2.8423900604248047,2.9600300788879395,2.7052199840545654,2.906290054321289,2.906290054321289,4186540.0,2.906290054321289,0.048195779032737314,24.197636217189952,23.92782988592762,2.5879258581849394,,
2015-08-29,2.9161601066589355,2.946500062942505,2.8243000507354736,2.87650990486145,2.87650990486145,1706060.0,2.87650990486145,0.04770192691333368,22.31222255176036,22.554062417271865,2.5935274421191608,,
2015-08-30,2.8715600967407227,2.9052999019622803,2.7593400478363037,2.848400115966797,2.848400115966797,1497480.0,2.848400115966797,0.04723577482634248,20.42717735662626,22.312345375192184,2.59903383645855,,
2015-08-31,2.8532299995422363,2.8624799251556396,2.7899699211120605,2.8420701026916504,2.8420701026916504,1752920.0,2.8420701026916504,0.04713080253679773,20.489362646440384,21.076254184942332,2.6042278262435414,,
2015-09-01,2.8474199771881104,2.8754899501800537,2.8056299686431885,2.82000994682312,2.82000994682312,1376040.0,2.82000994682312,0.04676497311929463,25.12688692933414,22.014475644133586,2.609057935209222,,
2015-09-02,2.819809913635254,2.828130006790161,2.7572999000549316,2.79544997215271,2.79544997215271,2423010.0,2.79544997215271,0.04635768854337808,22.892740041962366,22.836329872578958,2.613645530789276,,
2015-09-03,2.796689987182617,2.804460048675537,2.579969882965088,2.6331400871276855,2.6331400871276855,2210590.0,2.6331400871276855,0.043666060657901275,8.127898901665178,18.71584195765389,2.617485093940151,,
2015-09-04,2.6381399631500244,2.724669933319092,2.6333398818969727,2.701119899749756,2.701119899749756,1441530.0,2.701119899749756,0.04479338792619946,15.026724743341358,15.34912122898963,2.6217731263468176,,
2015-09-05,2.702049970626831,2.943049907684326,2.661530017852783,2.9195399284362793,2.9195399284362793,2666820.0,2.9195399284362793,0.04841550521048346,37.714527069471146,20.28971690482589,2.627356295377179,,
2015-09-06,2.9178199768066406,3.115149974822998,2.9033100605010986,3.048069953918457,3.048069953918457,4281360.0,3.048069953918457,0.050546952723095125,59.41162045941064,37.38429075740771,2.6335725243625747,,
2015-09-07,3.0390000343322754,3.1038599014282227,2.986690044403076,3.0459001064300537,3.0459001064300537,2254530.0,3.0459001064300537,0.05051096956651709,87.87981591157279,61.668654480151524,2.6398787544073303,,
2015-09-08,3.047369956970215,3.128619909286499,3.0139999389648438,3.047379970550537,3.047379970550537,2566300.0,3.047379970550537,0.050535510545846825,85.19275770737505,77.49473135945283,2.6459066229439823,,
2015-09-09,3.0482800006866455,3.05145001411438,2.910409927368164,2.923919916152954,2.923919916152954,2298470.0,2.923919916152954,0.04848813970883475,62.69024272066157,78.58760544653647,2.6509058579721088,,
2015-09-10,2.924649953842163,2.9715399742126465,2.8928799629211426,2.949359893798828,2.949359893798828,1420320.0,2.949359893798828,0.048910017607565213,67.32707429368526,71.7366915739073,2.655950010799971,,
2015-09-11,2.948780059814453,2.9843900203704834,2.940119981765747,2.9574599266052246,2.9574599266052246,1251460.0,2.9574599266052246,0.049044342600596987,68.80343124580382,66.27358275338355,2.660948207469586,,
2015-09-12,2.9625699520111084,2.9708199501037598,2.822920083999634,2.825550079345703,2.825550079345703,1517440.0,2.825550079345703,0.04685684660675796,44.760810097318576,60.29710521226921,2.66541591237803,,
2015-09-13,2.8247900009155273,2.8546700477600098,2.7749199867248535,2.8159399032592773,2.8159399032592773,1328080.0,2.8159399032592773,0.04669747850706041,43.00920604639743,52.191149129839935,2.6698961850723935,,
2015-09-14,2.814919948577881,2.862370014190674,2.778059959411621,2.8446500301361084,2.8446500301361084,1135730.0,2.8446500301361084,0.0471735861580845,48.2420731747063,45.337363106140764,2.6744088624995914,,
2015-09-15,2.8441998958587646,2.934340000152588,2.8167901039123535,2.8231899738311768,2.8231899738311768,918109.0,2.8231899738311768,0.046817708350855754,44.33064416251485,45.19397446120619,2.6787264027882145,,
2015-09-16,2.8299400806427,2.8456099033355713,2.7741100788116455,2.8029799461364746,2.8029799461364746,1192860.0,2.8029799461364746,0.046482560099712994,40.647052305205314,44.406589880808816,2.6832118125561157,2.802850581521857,
2015-09-17,2.806220054626465,2.929579973220825,2.7959299087524414,2.906369924545288,2.906369924545288,1626720.0,2.906369924545288,0.0481971035418521,55.12639871374897,46.70136506048971,2.689571538909537,2.7969541980795665,
2015-09-18,2.9106199741363525,3.007319927215576,2.895979881286621,2.9569599628448486,2.9569599628448486,1572740.0,2.9569599628448486,0.0490360515689143,63.24905556942235,53.007502196125536,2.6961172767024224,2.7922192122838267,
2015-09-19,2.9549100399017334,2.9611001014709473,2.859989881515503,2.873579978942871,2.873579978942871,897801.0,2.873579978942871,0.047653339174493166,28.058432116815812,48.81129546666238,2.702163014255586,2.7882351293955763,
2015-09-20,2.875070095062256,2.8752400875091553,2.829859972000122,2.846440076828003,2.846440076828003,989389.0,2.846440076828003,0.04720327097728985,20.40281870871505,37.23676879831773,2.708172577326415,2.7842899244125574,
2015-09-21,2.85371994972229,2.8550000190734863,2.795229911804199,2.7991299629211426,2.7991299629211426,1027230.0,2.7991299629211426,0.046418714806621894,7.057599524386619,18.50628344997249,2.7136447631596217,2.7803261155951513,
2015-09-22,2.7984700202941895,2.878779888153076,2.795870065689087,2.8446500301361084,2.8446500301361084,1442340.0,2.8446500301361084,0.0471735861580845,25.434473130407277,17.63163045450298,2.7194725776630673,2.7764968003312203,
2015-09-23,2.8550500869750977,2.897289991378784,2.8518600463867188,2.8655500411987305,2.8655500411987305,901921.0,2.8655500411987305,0.04752017658647557,39.20930570166426,23.900459452152717,2.7261062391468736,2.7713433206897893,
2015-09-24,2.8715100288391113,2.948359966278076,2.8707199096679688,2.9299800395965576,2.9299800395965576,1328450.0,2.9299800395965576,0.0485886363436991,66.83678320262781,43.826854011566446,2.7329742172376705,2.7665849372132185,
2015-09-25,2.9332399368286133,2.948780059814453,2.8870298862457275,2.892859935760498,2.892859935760498,959962.0,2.892859935760498,0.047973063813526166,50.91974363928752,52.321944181193196,2.739517222336733,2.7621416771248595,
2015-09-26,2.8947200775146484,2.9044198989868164,2.8684499263763428,2.8868799209594727,2.8868799209594727,531617.0,2.8868799209594727,0.047873895641535144,48.35552311345975,55.37068331845836,2.746075363758483,2.757904115441727,
2015-09-27,2.8889899253845215,2.8974099159240723,2.8650500774383545,2.8711600303649902,2.8711600303649902,748001.0,2.8711600303649902,0.04761320852519452,41.6148598429898,46.963375531912355,2.752455145283475,2.753655786383642,
2015-09-28,2.8813300132751465,3.0752499103546143,2.878109931945801,3.0727999210357666,3.0727999210357666,2604270.0,3.0727999210357666,0.050957056328858955,99.18642801043805,63.05227032229586,2.7601989703100234,2.750476525581046,
2015-09-29,3.1026499271392822,3.171999931335449,2.9699900150299072,2.9699900150299072,2.9699900150299072,2896120.0,2.9699900150299072,0.049252132381275876,49.229688813575166,63.343658889001006,2.7673050360601454,2.746978443616057,
2015-09-30,2.966089963912964,3.049180030822754,2.966089963912964,3.009779930114746,3.009779930114746,1371090.0,3.009779930114746,0.049911979099709534,56.94455694151952,68.45355792184425,2.7747213195581906,2.742964881740204,
2015-10-01,3.0139000415802,3.052720069885254,2.955970048904419,3.001919984817505,3.001919984817505,1644010.0,3.001919984817505,0.049781635541539214,54.85841821237648,53.67755465582371,2.7820289148007586,2.739056279561291,
2015-10-02,2.9968299865722656,3.0152199268341064,2.9767301082611084,2.9932000637054443,2.9932000637054443,1132180.0,2.9932000637054443,0.04963703077627331,52.54402994897133,54.782335034289105,2.789216838899206,2.7354139236554706,
2015-10-03,2.9986701011657715,3.037139892578125,2.990689992904663,3.0300800800323486,3.0300800800323486,1051760.0,3.0300800800323486,0.05024862187158479,62.332498886278955,56.57831568254225,2.7964931778569038,2.7322768283216923,
2015-10-04,3.0329198837280273,3.0573599338531494,2.9979801177978516,3.014359951019287,3.014359951019287,982441.0,3.014359951019287,0.04998793080148561,58.16015814838814,57.678895661212806,2.803741866122178,2.7297457597027086,
2015-10-05,3.021059989929199,3.0325400829315186,2.9857099056243896,3.0159900188446045,3.0159900188446045,1277060.0,3.0159900188446045,0.05001496264870284,58.522327860684854,59.671661631783984,2.81092858770506,2.72787411572182,
2015-10-06,3.0201199054718018,3.155900001525879,3.0106799602508545,3.145930051803589,3.145930051803589,1972700.0,3.145930051803589,0.052169792689388615,91.85672240244749,69.51306947050682,2.818901593567895,2.7260208554463845,
2015-10-07,3.148969888687134,3.162400007247925,3.0558700561523438,3.058579921722412,3.058579921722412,1695270.0,3.058579921722412,0.05072124230756638,63.04933585306045,71.14279537206426,2.8264980961064823,2.723828937582774,
2015-10-08,3.061340093612671,3.076970100402832,3.047679901123047,3.0640299320220947,3.0640299320220947,1137940.0,3.0640299320220947,0.05081162127429721,64.82487352818498,73.24364392789764,2.834347986132721,2.7215169919680244,
2015-10-09,3.0691299438476562,3.1121199131011963,3.064460039138794,3.1079699993133545,3.1079699993133545,978079.0,3.1079699993133545,0.05154029106783842,79.13993728644652,69.0047155558973,2.842665089935553,2.7193452384373913,
2015-10-10,3.1123499870300293,3.1359798908233643,3.088469982147217,3.105989933013916,3.105989933013916,1000850.0,3.105989933013916,0.05150745510306745,78.49485918189649,74.15322333217598,2.851293231620163,2.7174235944878564,
2015-10-11,3.108680009841919,3.1502599716186523,3.084980010986328,3.1450400352478027,3.1450400352478027,1222700.0,3.1450400352478027,0.05215503330871552,90.8265350492916,82.82044383921153,2.8605059639352266,2.7157040876884984,
2015-10-12,3.1490299701690674,3.172990083694458,3.1325299739837646,3.137200117111206,3.137200117111206,1252010.0,3.137200117111206,0.05202502186626354,83.50845044427453,84.27661489182087,2.8696574943313182,2.7137503068741053,
2015-10-13,3.139090061187744,3.188839912414551,3.1127500534057617,3.1797399520874023,3.1797399520874023,1605970.0,3.1797399520874023,0.05273047123583125,96.09225505182103,90.14241351512904,2.8795090790003375,2.7118817041998042,
2015-10-14,3.181529998779297,3.1958999633789062,3.098900079727173,3.1441800594329834,3.1441800594329834,1781770.0,3.1441800594329834,0.05214077210161993,78.44374509981229,86.01481686530262,2.8891577134366897,2.709329019180716,
2015-10-15,3.1499500274658203,3.1593899726867676,3.0991199016571045,3.1048901081085205,3.1048901081085205,1428290.0,3.1048901081085205,0.05148921641486896,58.47519485676056,77.67039833613129,2.8985669489115313,2.706722088382669,
2015-10-16,3.10863995552063,3.14205002784729,3.0947299003601074,3.1073501110076904,3.1073501110076904,1472800.0,3.1073501110076904,0.051530011295604285,57.8715314524371,64.93015713633665,2.9077795177209573,2.7043014310810665,
2015-10-17,3.1112399101257324,3.155790090560913,3.0351099967956543,3.071540117263794,3.071540117263794,2454780.0,3.071540117263794,0.050936164668672346,40.83457255606561,52.393766288421084,2.9168637261364627,2.701776143949326,
2015-10-18,3.0741100311279297,3.084120035171509,3.0049800872802734,3.02278995513916,3.02278995513916,1217780.0,3.02278995513916,0.05012772779635277,17.641200497730832,38.782434835411166,2.9256771685647185,2.6989460892873267,
2015-10-19,3.0306200981140137,3.054800033569336,3.00669002532959,3.0479700565338135,3.0479700565338135,1239570.0,3.0479700565338135,0.05054529609826201,22.517283235261797,26.997685429686072,2.9347416494713454,2.696368089440751,
2015-10-20,3.0525801181793213,3.0947299003601074,3.0525801181793213,3.092600107192993,3.092600107192993,1163340.0,3.092600107192993,0.05128540806905152,45.89360820004595,28.684030644346183,2.9439418687195076,2.694129103177214,
2015-10-21,3.093440055847168,3.1163299083709717,3.062299966812134,3.0751500129699707,3.0751500129699707,988482.0,3.0751500129699707,0.05099602852690199,36.75359900896131,35.05483014808968,2.952965202227316,2.691759623566719,
2015-10-22,3.0807900428771973,3.141279935836792,3.0723299980163574,3.114650011062622,3.114650011062622,1215290.0,3.114650011062622,0.05165106747493692,57.442905381779674,46.69670419692897,2.9620387541140363,2.6897632677261143,
2015-10-23,3.1204299926757812,3.128119945526123,3.0929300785064697,3.1115400791168213,3.1115400791168213,1196600.0,3.1115400791168213,0.05159949464838995,55.813985434128895,50.00349660828996,2.9710540002812453,2.6880424185974956,
2015-10-24,3.1126599311828613,3.119649887084961,3.0777699947357178,3.0998599529266357,3.0998599529266357,955111.0,3.0998599529266357,0.05140580001694748,49.69616971537609,54.31768684376154,2.980237497006609,2.6862679801575124,
2015-10-25,3.10971999168396,3.139009952545166,3.0657899379730225,3.0657899379730225,3.0657899379730225,1656730.0,3.0657899379730225,0.05084080791992506,31.850979549836662,45.78704489978054,2.98932427265605,2.684619322215041,
2015-10-26,3.0710999965667725,3.1078600883483887,3.065570116043091,3.1044299602508545,3.1044299602508545,1119820.0,3.1044299602508545,0.051481585660864394,52.08984784758785,44.54566570426686,2.9990688627534876,2.6829131577112904,
2015-10-27,3.107029914855957,3.107680082321167,3.0820000171661377,3.0945498943328857,3.0945498943328857,1102490.0,3.0945498943328857,0.05131774190648644,46.914867578448906,43.618564991957804,3.008418971723546,2.680960390012558,
2015-10-28,3.099299907684326,3.110529899597168,3.0855801105499268,3.1007699966430664,3.1007699966430664,1433200.0,3.1007699966430664,0.05142089151333891,62.03612489616177,53.680280107399504,3.0179094089184955,2.6789184720548866,
2015-10-29,3.102479934692383,3.9294400215148926,3.0585100650787354,3.782210111618042,3.782210111618042,11455900.0,3.782210111618042,0.06272139373146551,84.07395448470729,64.34164898643932,3.031138316529696,2.6790698698122206,
2015-10-30,3.7685699462890625,4.199039936065674,3.740299940109253,4.061679840087891,4.061679840087891,12206200.0,4.061679840087891,0.0673559143842286,88.49638097139719,78.2021534507554,3.0454653104146323,2.6798255404380904,
2015-10-31,4.083559989929199,4.115200042724609,3.7654199600219727,3.8043301105499268,3.8043301105499268,5425140.0,3.8043301105499268,0.06308821554236507,66.94388259372036,79.83807268327494,3.0585677154728623,2.679963431293017,
2015-11-01,3.8150899410247803,3.9866199493408203,3.7689499855041504,3.9593000411987305,3.9593000411987305,3801480.0,3.9593000411987305,0.06565812301707259,79.89349496248609,78.44458617586787,3.0724353112809646,2.681028390257326,
2015-11-02,3.9828898906707764,4.201580047607422,3.9391698837280273,4.164899826049805,4.164899826049805,6302390.0,4.164899826049805,0.0690676387965204,96.80763935504554,81.21500563708399,3.0873653647678148,2.682616883108061,
2015-11-03,4.1749701499938965,4.795919895172119,4.100500106811523,4.589799880981445,4.589799880981445,18600100.0,4.589799880981445,0.0761138691368247,88.13636192103304,88.27916541285488,3.104754107245982,2.6853887734347825,
2015-11-04,4.579899787902832,5.32450008392334,4.054510116577148,4.230219841003418,4.230219841003418,22553800.0,4.230219841003418,0.07015085793441704,51.70851443212096,78.88417190273317,3.1201835049957527,2.6871379786974763,
2015-11-05,4.199550151824951,4.411890029907227,3.767630100250244,3.961639881134033,3.961639881134033,13017300.0,3.961639881134033,0.0656969252034979,39.85586028820156,59.900245547118516,3.1342421926435877,2.6880058961371853,
2015-11-06,3.945240020751953,3.97091007232666,3.4514501094818115,3.5480101108551025,3.5480101108551025,8761900.0,3.5480101108551025,0.058837592983685884,21.602038919216255,37.72213787984625,3.1456784224901044,2.687727677332212,
2015-11-07,3.5512399673461914,3.677680015563965,3.5485599040985107,3.598870038986206,3.598870038986206,2638500.0,3.598870038986206,0.059681016665428493,23.846529305675954,28.434809504364583,3.157251045352123,2.687841376213178,
2015-11-08,3.6198699474334717,3.6577301025390625,3.409950017929077,3.41907000541687,3.41907000541687,2399540.0,3.41907000541687,0.05669934500636548,15.91180620124616,20.45345814204612,3.168020225613495,2.6874655129158334,
2015-11-09,3.4328598976135254,3.448080062866211,3.259310007095337,3.396620035171509,3.396620035171509,4195940.0,3.396620035171509,0.056327051193630524,14.921070581995362,18.22646869630582,3.178719023537766,2.6868221158850685,
2015-11-10,3.4003899097442627,3.4554500579833984,3.0414299964904785,3.115149974822998,3.115149974822998,5565520.0,3.115149974822998,0.051659358506619596,3.2289844599300954,11.35395374772387,3.1878874386594593,2.685231759450207,
2015-11-11,3.117110013961792,3.1210100650787354,2.942579984664917,2.9693899154663086,2.9693899154663086,3648510.0,2.9693899154663086,0.04924218077100152,1.1255596193062267,6.425204887077224,3.1962140505431127,2.6832961428655335,
2015-11-12,2.9721500873565674,3.2861099243164062,2.9721500873565674,3.278700113296509,3.278700113296509,4133180.0,3.278700113296509,0.05437155384408178,14.111309977871972,6.15528468570276,3.206199188050025,2.6811320056654004,
2015-11-13,3.2686400413513184,3.287290096282959,3.154599905014038,3.225990056991577,3.225990056991577,2247490.0,3.225990056991577,0.05349744899597883,11.898387037201452,9.045085544793212,3.215916237544492,2.678743868657987,
2015-11-14,3.22337007522583,3.245850086212158,3.1826798915863037,3.194610118865967,3.194610118865967,1293740.0,3.194610118865967,0.052977067156694015,10.580965091126098,12.196887368733167,3.2254261833722473,2.6765664440311796,
2015-11-15,3.1986401081085205,3.218440055847168,3.0550599098205566,3.0657999515533447,3.0657999515533447,1750230.0,3.0657999515533447,0.050840973977784226,5.173136031170421,9.217496053165986,3.234276838641349,2.6744060875618296,
2015-11-16,3.0664501190185547,3.1940999031066895,3.0474300384521484,3.1894500255584717,3.1894500255584717,1578010.0,3.1894500255584717,0.05289149596036192,10.364329222059723,8.706143448118743,3.2437594073717713,2.672504224515941,
2015-11-17,3.1903700828552246,3.226759910583496,3.163170099258423,3.2019801139831543,3.2019801139831543,1607020.0,3.2019801139831543,0.05309928574104081,10.890379127284659,8.809281460171595,3.253352905231747,2.6706536495522277,
2015-11-18,3.1989099979400635,3.2093100547790527,3.168339967727661,3.1855099201202393,3.1855099201202393,1425920.0,3.1855099201202393,0.052826156146538315,16.533606112742515,12.596104820695627,3.262819134472498,2.6690518686216174,
2015-11-19,3.191230058670044,3.2142701148986816,3.1270999908447266,3.1336100101470947,3.1336100101470947,1448970.0,3.1336100101470947,0.05196548616999368,18.576722374869846,15.333569204965668,3.271968970533277,2.6672057040750166,
2015-11-20,3.136039972305298,3.1407599449157715,3.069380044937134,3.115570068359375,3.115570068359375,1698240.0,3.115570068359375,0.051666325029187506,23.532863069382042,19.547730518998126,3.280917112944556,2.665846854693269,
2015-11-21,3.1174399852752686,3.160520076751709,3.105639934539795,3.1502699851989746,3.1502699851989746,1057060.0,3.1502699851989746,0.05224176295630323,29.041455121539617,23.717013521930497,3.288119135007181,2.664897101545987,
2015-11-22,3.163290023803711,3.1635499000549316,3.1148200035095215,3.1368300914764404,3.1368300914764404,1070770.0,3.1368300914764404,0.05201888563299147,37.875110465043306,30.149809551988316,3.2954982063157963,2.6638383074982523,
2015-11-23,3.143889904022217,3.1467199325561523,3.111330032348633,3.1240999698638916,3.1240999698638916,1389260.0,3.1240999698638916,0.05180777864888779,35.392976631384485,34.10318073932246,3.3025633976107738,2.6625499235440606,
2015-11-24,3.1303598880767822,3.13070011138916,3.087869882583618,3.107830047607422,3.107830047607422,1510060.0,3.107830047607422,0.05153797021156864,47.938849883699135,40.40231232670897,3.3096918675417455,2.661123293393279,
2015-11-25,3.113830089569092,3.34443998336792,3.0927700996398926,3.34443998336792,3.34443998336792,2877300.0,3.34443998336792,0.05546173555078776,100.0,61.1106088383612,3.3180368402616573,2.6605121697465033,
2015-11-26,3.3513898849487305,3.7163100242614746,3.3513898849487305,3.60834002494812,3.60834002494812,8700000.0,3.60834002494812,0.0598380599550977,83.85809089761987,77.26564692710633,3.3276724685085277,2.6606433476487252,
2015-11-27,3.6013998985290527,3.628429889678955,3.519320011138916,3.5786099433898926,3.5786099433898926,2780650.0,3.5786099433898926,0.059345038124989896,79.41333515832908,87.75714201864965,3.3371689710460726,2.660694662512165,
2015-11-28,3.5754098892211914,3.5789499282836914,3.4647700786590576,3.522589921951294,3.522589921951294,1691790.0,3.522589921951294,0.058416043246915204,71.03813742075347,78.10318782556747,3.3464107194233463,2.6604720050341464,
2015-11-29,3.534359931945801,3.6805999279022217,3.499239921569824,3.6697299480438232,3.6697299480438232,2720390.0,3.6697299480438232,0.06085610533702989,93.03610853877011,81.16252703928421,3.356556128934433,2.660700634734271,
2015-11-30,3.664370059967041,3.737459897994995,3.5792899131774902,3.621220111846924,3.621220111846924,3339320.0,3.621220111846924,0.060051653853330327,82.60091430447552,82.22505342133303,3.3673984248781466,2.660824278609393,
2015-12-01,3.62608003616333,3.635159969329834,3.402479887008667,3.4349000453948975,3.4349000453948975,2841630.0,3.4349000453948975,0.05696185875915695,54.71202263992034,76.78301516105532,3.377337715013431,2.6604345798492433,
2015-12-02,3.4309298992156982,3.435499906539917,3.3036599159240723,3.342250108718872,3.342250108718872,2452500.0,3.342250108718872,0.05542542027849139,40.84392943939075,59.385622127928876,3.3864758574897476,2.659643210450264,
2015-12-03,3.346719980239868,3.441070079803467,3.3369100093841553,3.3774900436401367,3.3774900436401367,1943430.0,3.3774900436401367,0.05600981346872647,46.118738245548926,47.22489677495333,3.3957125241639186,2.6590006625815614,
2015-12-04,3.3823299407958984,3.387350082397461,3.3437399864196777,3.3618099689483643,3.3618099689483643,1333170.0,3.3618099689483643,0.05574978663006396,42.17122798466404,43.0446318898679,3.4049664038778005,2.6583682791827474,
2015-12-05,3.3699400424957275,3.5407400131225586,3.3699400424957275,3.5237200260162354,3.5237200260162354,2664550.0,3.5237200260162354,0.05843478406244974,67.09618884098748,51.79538502373348,3.4146011032041956,2.658109347461021,
2015-12-06,3.5253798961639404,3.5784199237823486,3.447690010070801,3.473099946975708,3.473099946975708,4063170.0,3.473099946975708,0.05759533786181004,59.303569213287346,56.190328679646285,3.423963343510862,2.657721895061127,
2015-12-07,3.452549934387207,3.691689968109131,3.4471099376678467,3.6451399326324463,3.6451399326324463,4210900.0,3.6451399326324463,0.06044832258753585,85.78796422785474,70.72924076070986,3.4344256927406853,2.6575410183161905,
2015-12-08,3.647670030593872,3.686919927597046,3.5450799465179443,3.686919927597046,3.686919927597046,2744880.0,3.686919927597046,0.06114117132859964,92.16057543846674,79.08403629320294,3.444810719437938,2.6576334019229835,
2015-12-09,3.6828200817108154,3.740530014038086,3.60725998878479,3.669029951095581,3.669029951095581,4506800.0,3.669029951095581,0.06084449710192241,83.6335644734731,87.19403471326486,3.45504683940137,2.658038497950933,
2015-12-10,3.669640064239502,3.679450035095215,3.589639902114868,3.663939952850342,3.663939952850342,2538190.0,3.663939952850342,0.06076008831060449,82.46845881226785,86.08753290806924,3.46545503569431,2.6584880319360185,
2015-12-11,3.672990083694458,3.8548600673675537,3.6710100173950195,3.8364500999450684,3.8364500999450684,5086460.0,3.8364500999450684,0.06362086984819404,96.66002134174431,87.58734820916175,3.476626019660241,2.659461648496863,
2015-12-12,3.842519998550415,3.9733099937438965,3.5016300678253174,3.606329917907715,3.606329917907715,6201500.0,3.606329917907715,0.05980472581674923,45.198232929210356,74.77557102774084,3.486484708030367,2.6597893741032848,
2015-12-13,3.596299886703491,3.66294002532959,3.5686399936676025,3.626739978790283,3.626739978790283,3218570.0,3.626739978790283,0.06014319127131678,48.24610248953614,63.368118920163596,3.496130664491914,2.6602021687651334,
2015-12-14,3.6368799209594727,3.6723499298095703,3.600130081176758,3.614569902420044,3.614569902420044,3011480.0,3.614569902420044,0.05994137166605079,46.42872401481674,46.62435314452108,3.504937767331066,2.660569538482248,
2015-12-15,3.618419885635376,3.839250087738037,3.6125800609588623,3.8337700366973877,3.8337700366973877,5124770.0,3.8337700366973877,0.06357642564831559,79.16225777187869,57.945694758743855,3.5148586419110743,2.661618826487293,
2015-12-16,3.8389101028442383,3.8393499851226807,3.678309917449951,3.6989200115203857,3.6989200115203857,3628690.0,3.6989200115203857,0.061340171904018345,56.88403693165321,60.82500623944954,3.5193522484576114,2.6634918676663752,
2015-12-17,3.7041099071502686,3.7915899753570557,3.6793999671936035,3.740000009536743,3.740000009536743,2244680.0,3.740000009536743,0.062021412409974656,62.9413756225839,66.3292234420386,3.5240045987843165,2.665683018671323,
2015-12-18,3.7513198852539062,3.80607008934021,3.730570077896118,3.756959915161133,3.756959915161133,2642590.0,3.756959915161133,0.06230266302454211,64.14304720757002,61.32281992060238,3.5276214841936455,2.6682895666932405,
2015-12-19,3.765160083770752,3.7768399715423584,3.706670045852661,3.7206199169158936,3.7206199169158936,1480630.0,3.7206199169158936,0.061700027192349995,51.97832575078964,59.687582860314514,3.532612302915646,2.6706224702808954,
2015-12-20,3.7405600547790527,3.7450900077819824,3.482609987258911,3.5361199378967285,3.5361199378967285,2853130.0,3.5361199378967285,0.05864041509095946,16.91561967755046,44.34566421197004,3.535345691149352,2.6723006620799024,
2015-12-21,3.5462100505828857,3.5462100505828857,3.428689956665039,3.4586899280548096,3.4586899280548096,2244460.0,3.4586899280548096,0.057356372694951856,5.508422266407856,24.80078923158265,3.537730007223744,2.673967237341894,
2015-12-22,3.45878005027771,3.4776499271392822,3.4000399112701416,3.419529914855957,3.419529914855957,1366080.0,3.419529914855957,0.0567069718066115,3.399794299697771,8.607945414552029,3.539867001153081,2.6754295381781175,
2015-12-23,3.432379961013794,3.5920300483703613,3.4310200214385986,3.5780699253082275,3.5780699253082275,2274490.0,3.5780699253082275,0.059336082861870545,31.05517268053778,13.321129748881134,3.543165033632289,2.677336688890849,
2015-12-24,3.5901899337768555,3.684380054473877,3.5901899337768555,3.6440000534057617,3.6440000534057617,2530790.0,3.6440000534057617,0.060429419667900684,42.55588240064646,25.67028312696067,3.5478938316386905,2.6798179495824526,
2015-12-25,3.6488800048828125,3.680039882659912,3.6040000915527344,3.6247498989105225,3.6247498989105225,1628860.0,3.6247498989105225,0.06011018924868664,39.19792686035877,37.602993980514334,3.5521256337400344,2.6823530177547505,
2015-12-26,3.6411399841308594,3.6447300910949707,3.3827900886535645,3.424420118331909,3.424420118331909,3880050.0,3.424420118331909,0.0567880673482632,9.11819675803715,30.290668673014125,3.5552085853013837,2.6841139225110617,
2015-12-27,3.4203200340270996,3.49249005317688,3.3934199810028076,3.4790499210357666,3.4790499210357666,2048800.0,3.4790499210357666,0.057694007860223565,21.083724857711765,23.133282825369232,3.557262574388681,2.68620186766533,
2015-12-28,3.4778099060058594,3.5297200679779053,3.45674991607666,3.4660298824310303,3.4660298824310303,1647170.0,3.4660298824310303,0.05747809310572115,18.231954760200132,16.144625458649685,3.5581380382913057,2.688210058865482,
2015-12-29,3.470629930496216,3.517280101776123,3.436460018157959,3.5002601146698,3.5002601146698,2161460.0,3.5002601146698,0.05804574212849025,25.729378976276678,21.681686198062863,3.5568471098206733,2.690416744310562,
2015-12-30,3.51200008392334,3.5121400356292725,3.4463000297546387,3.4591400623321533,3.4591400623321533,2202460.0,3.4591400623321533,0.05736383739109725,18.037699290005154,20.666344342160656,3.5534174924339754,2.692485593769648,
2015-12-31,3.4593000411987305,3.4974000453948975,3.414170026779175,3.4801700115203857,3.4801700115203857,2667620.0,3.4801700115203857,0.05771258261789894,23.006029745995892,22.257702670759244,3.5509907170071626,2.694571182825794,
2016-01-01,3.479520082473755,3.531019926071167,3.469249963760376,3.5089800357818604,3.5089800357818604,2791170.0,3.5089800357818604,0.05819034689375615,32.02385094069635,24.355859992232467,3.54795033423627,2.6967901693631524,
2016-01-02,3.51528000831604,3.5271201133728027,3.492189884185791,3.50216007232666,3.50216007232666,3020260.0,3.50216007232666,0.05807724963038787,32.947836135393885,29.325905607362046,3.544599787133639,2.6990772926644104,
2016-01-03,3.503999948501587,3.50642991065979,3.450860023498535,3.483069896697998,3.483069896697998,2406150.0,3.483069896697998,0.05776067218316194,33.25037945863901,32.74068884490975,3.5411546490882917,2.7027756756299164,
2016-01-04,3.479099988937378,3.507230043411255,3.4761500358581543,3.495389938354492,3.495389938354492,3309740.0,3.495389938354492,0.05796497870255689,37.33540981533013,34.511208469787675,3.5331910959358424,2.706991319133811,
2016-01-05,3.492000102996826,3.5081899166107178,3.4537200927734375,3.469670057296753,3.469670057296753,2104650.0,3.469670057296753,0.057538459091286846,28.807314065266887,33.13103444641201,3.5225486911711146,2.7107926616929983,
2016-01-06,3.467060089111328,3.467859983444214,3.4447999000549316,3.4535601139068604,3.4535601139068604,2208860.0,3.4535601139068604,0.05727130362595581,23.46564318239312,29.86945568766338,3.5128160682532306,2.7144678403253426,
2016-01-07,3.4500699043273926,3.6115500926971436,3.442689895629883,3.604140043258667,3.604140043258667,4560680.0,3.604140043258667,0.05976841054445286,74.46597409597388,42.24631044787796,3.497750602784704,2.7185389636314077,
2016-01-08,3.5968000888824463,3.6414198875427246,3.5335800647735596,3.568880081176758,3.568880081176758,3277990.0,3.568880081176758,0.05918368523849945,71.04298342702357,56.32486690179686,3.4760672147156764,2.7228151556563702,
2016-01-09,3.574350118637085,3.5855700969696045,3.543600082397461,3.560570001602173,3.560570001602173,2934720.0,3.560570001602173,0.059045876984183725,67.39922725433023,70.96939492577589,3.470905193214208,2.7271362788056672,
2016-01-10,3.559159994125366,3.560189962387085,3.4968199729919434,3.536720037460327,3.536720037460327,2462000.0,3.536720037460327,0.058650366701233816,53.92743048087667,64.1232137207435,3.4663308774187267,2.7322962790319365,
2016-01-11,3.5262699127197266,3.5692200660705566,3.5262699127197266,3.556619882583618,3.556619882583618,2931030.0,3.556619882583618,0.058980371112500964,62.68424338119194,61.33696703879961,3.4568738820122893,2.737315621114757,
2016-01-12,3.5530200004577637,3.5561699867248535,3.493680000305176,3.493680000305176,3.493680000305176,4566050.0,3.493680000305176,0.05793662234622487,34.98790857730379,50.53319414645747,3.450391804585691,2.7421908267556803,
2016-01-13,3.4899799823760986,3.4921000003814697,3.432810068130493,3.476020097732544,3.476020097732544,6745630.0,3.476020097732544,0.057643763496549934,27.21676957053155,41.62964050967576,3.4439772152509844,2.747491922770461,
2016-01-14,3.4709300994873047,3.480959892272949,3.4486799240112305,3.4659900665283203,3.4659900665283203,2044890.0,3.4659900665283203,0.05747743282804303,15.905290791830149,26.03665631322183,3.4398892381803585,2.7538178956671935,
2016-01-15,3.4640400409698486,3.4644100666046143,2.9967799186706543,2.9967799186706543,2.9967799186706543,5117640.0,2.9967799186706543,0.049696396460925454,0.0,14.374020120787234,3.4361023525071275,2.758513813149439,
2016-01-16,2.9657199382781982,3.107180118560791,2.9194600582122803,3.086940050125122,3.086940050125122,4170270.0,3.086940050125122,0.05119154584103674,23.197965469652942,13.0344187538277,3.432277926981775,2.76312934764444,
2016-01-17,3.08732008934021,3.100219964981079,3.0247600078582764,3.0261900424957275,3.0261900424957275,1905660.0,3.0261900424957275,0.050184112347057025,14.783368817407771,12.660444762353572,3.426946286946698,2.7678766903811938,
2016-01-18,3.019550085067749,3.057270050048828,2.9776298999786377,3.048959970474243,3.048959970474243,2304070.0,3.048959970474243,0.05056171210376822,17.937273931440608,18.639536072833774,3.4230274346356837,2.77257704636822,
2016-01-19,3.0476601123809814,3.055340051651001,2.9941699504852295,3.0174400806427,3.0174400806427,1626900.0,3.0174400806427,0.05003900940821361,13.571395311743032,15.430679353530472,3.4179938282471536,2.777167896048663,
2016-01-20,3.0148000717163086,3.434499979019165,2.9907000064849854,3.3885300159454346,3.3885300159454346,4438610.0,3.3885300159454346,0.056192892258457916,64.9717530916057,32.16014077826312,3.415930002764926,2.782825375583074,
2016-01-21,3.384229898452759,3.401859998703003,3.205359935760498,3.2207798957824707,3.2207798957824707,3665110.0,3.2207798957824707,0.0534110475103509,41.73637165514301,40.09317335283058,3.412635576529581,2.7878869370238424,
2016-01-22,3.2310500144958496,3.243190050125122,3.048919916152954,3.0765700340270996,3.0765700340270996,3589150.0,3.0765700340270996,0.051019577112835265,23.586189469223314,43.43143807199068,3.4087674344172245,2.7924289095891663,
2016-01-23,3.0820300579071045,3.1475698947906494,3.0781400203704834,3.103480100631714,3.103480100631714,2384900.0,3.103480100631714,0.051465833886794855,28.321232484897944,31.214597869754755,3.4005797300182405,2.7970248823296533,
2016-01-24,3.1135098934173584,3.208240032196045,3.099790096282959,3.180999994277954,3.180999994277954,1806510.0,3.180999994277954,0.05275136684977641,40.251774948069766,30.71973230073034,3.3926508231241197,2.8006884440983812,
2016-01-25,3.1879498958587646,3.1879498958587646,3.1050500869750977,3.1272799968719482,3.1272799968719482,1940070.0,3.1272799968719482,0.05186051388044892,32.63965729969988,33.737554910889195,3.3842626256369504,2.8030966082664386,
2016-01-26,3.1253700256347656,3.171180009841919,3.1233201026916504,3.154819965362549,3.154819965362549,2926650.0,3.154819965362549,0.052317216484501806,41.10085410017212,37.997428782647255,3.375975466816803,2.8060384440095456,
2016-01-27,3.1593499183654785,3.320189952850342,3.156519889831543,3.287450075149536,3.287450075149536,5341690.0,3.287450075149536,0.05451665678292519,65.53697697041443,46.42582945676214,3.366298143980933,2.809329868669379,
2016-01-28,3.2928600311279297,3.300339937210083,3.112139940261841,3.1201601028442383,3.1201601028442383,3075380.0,3.1201601028442383,0.05174244278882274,36.82907450979706,47.82230186012787,3.3571313691269506,2.812749430578049,
2016-01-29,3.138400077819824,3.139739990234375,3.0611400604248047,3.111380100250244,3.111380100250244,2555880.0,3.111380100250244,0.051596841676401835,37.26313908585829,46.54306352202326,3.349116888202605,2.816025348558818,
2016-01-30,3.1181299686431885,3.1238200664520264,3.075119972229004,3.0808000564575195,3.0808000564575195,1298980.0,3.0808000564575195,0.05108972469705761,22.581946424582988,32.22472000674611,3.3405909877005824,2.8192669104223382,
2016-01-31,3.0969300270080566,3.1138699054718018,3.0436599254608154,3.0521600246429443,3.0521600246429443,1450600.0,3.0521600246429443,0.05061477945104768,16.313198890333837,25.386094800258373,3.3345743749962478,2.822496115998046,
2016-02-01,3.073430061340332,3.102030038833618,3.057490110397339,3.077239990234375,3.077239990234375,1502430.0,3.077239990234375,0.05103068717436524,19.49977221837811,19.46497251109831,3.32857617784719,2.82598575990494,
2016-02-02,3.08801007270813,3.096479892730713,3.069509983062744,3.0758700370788574,3.0758700370788574,1279650.0,3.0758700370788574,0.0510079688777278,19.191085143051158,18.334685417254367,3.3226400034023764,2.8292725817797937,
2016-02-03,3.0863900184631348,3.0888900756835938,3.037909984588623,3.047529935836792,3.047529935836792,1406560.0,3.047529935836792,0.050537997459975774,2.64320672485141,13.77802136209356,3.315370056798549,2.8326308554165984,
2016-02-04,3.057529926300049,3.182270050048828,3.05610990524292,3.1627700328826904,3.1627700328826904,2059350.0,3.1627700328826904,0.05244905456340462,44.232698856725854,22.022330241542807,3.308886724743035,2.8363854307017915,
2016-02-05,3.1715099811553955,3.1715099811553955,3.1357500553131104,3.1374099254608154,3.1374099254608154,1211900.0,3.1374099254608154,0.05202850117378894,35.24867226141247,27.374859280996578,3.3038197293307614,2.8402105811524065,
2016-02-06,3.149970054626465,3.1542699337005615,3.077349901199341,3.0989999771118164,3.0989999771118164,1394670.0,3.0989999771118164,0.051391538809851894,21.641632206275847,33.707667774804726,3.2977580893886547,2.843880690613838,
2016-02-07,3.109600067138672,3.1258299350738525,3.0791399478912354,3.0859599113464355,3.0859599113464355,1168970.0,3.0859599113464355,0.051175291939631155,17.022081677883186,24.637462048523833,3.2935570511010175,2.8474539505292293,
2016-02-08,3.091900110244751,3.1073100566864014,3.056580066680908,3.062160015106201,3.062160015106201,964279.0,3.062160015106201,0.05078061194597708,8.590772723587124,15.751495535915383,3.2889863949655833,2.850956882189398,
2016-02-09,3.076080083847046,3.0822300910949707,3.0509400367736816,3.081549882888794,3.081549882888794,1197280.0,3.081549882888794,0.05110215926770236,15.459792832238708,13.690882411236338,3.284246886362795,2.854655731214236,
2016-02-10,3.088979959487915,3.1334900856018066,3.0774500370025635,3.095249891281128,3.095249891281128,1358800.0,3.095249891281128,0.05132935014159391,21.849604482920583,15.300056679582136,3.2784310377360693,2.8583052377178246,
2016-02-11,3.112139940261841,3.125649929046631,3.0707600116729736,3.07561993598938,3.07561993598938,1263660.0,3.07561993598938,0.05100382138500718,26.122149003286594,21.143848772815293,3.2734592885918956,2.8619988813792188,
2016-02-12,3.09224009513855,3.1161201000213623,3.082859992980957,3.111870050430298,3.111870050430298,1041630.0,3.111870050430298,0.051604966650225355,51.233050917438774,33.068268134548646,3.269259998707172,2.865709319833207,
2016-02-13,3.118119955062866,3.140510082244873,3.1140499114990234,3.129689931869507,3.129689931869507,1313500.0,3.129689931869507,0.0519004784718884,63.57710284232605,46.97743425435047,3.264360873425593,2.8692929088252863,
2016-02-14,3.1477301120758057,3.2130699157714844,3.1477301120758057,3.21058988571167,3.21058988571167,1924190.0,3.21058988571167,0.05324206386985588,98.58413391517871,71.13142922498118,3.260454478811045,2.8727803057187224,
2016-02-15,3.2320399284362793,3.2529799938201904,3.170720100402832,3.1825098991394043,3.1825098991394043,1521240.0,3.1825098991394043,0.05277640600268364,67.23388122194643,76.46503932648373,3.256248084573798,2.876452935558476,
2016-02-16,3.202270030975342,3.224519968032837,3.179539918899536,3.209009885787964,3.209009885787964,1479430.0,3.209009885787964,0.05321586231193449,79.55544420659618,81.79115311457377,3.2520133849701596,2.880323428323824,
2016-02-17,3.2273099422454834,3.2648699283599854,3.2016398906707764,3.241029977798462,3.241029977798462,1857460.0,3.241029977798462,0.05374685999293032,88.85618536766943,78.54850359873734,3.250763766752566,2.8841259214976063,
2016-02-18,3.2451999187469482,3.273550033569336,3.230259895324707,3.251430034637451,3.251430034637451,1422270.0,3.251430034637451,0.053919326894709296,90.06333980940222,86.15832312788928,3.249526663556125,2.888025291325295,
2016-02-19,3.2604498863220215,3.2725698947906494,3.2305400371551514,3.2527899742126465,3.2527899742126465,1780240.0,3.2527899742126465,0.05394187913348757,90.67424659470876,89.86459059059347,3.247601527333911,2.8918774281462576,
2016-02-20,3.2681100368499756,3.5017199516296387,3.2606499195098877,3.4579899311065674,3.4579899311065674,3677250.0,3.4579899311065674,0.05734476445984438,90.29903083924117,90.3455390811174,3.2470166631083672,2.896288496500825,
2016-02-21,3.459969997406006,3.5836400985717773,3.4001200199127197,3.4642701148986816,3.4642701148986816,3518950.0,3.4642701148986816,0.057448910413851854,77.59152058849594,86.18826600748196,3.246760051758563,2.9007141407221964,
2016-02-22,3.4659199714660645,3.512629985809326,3.4324100017547607,3.4836299419403076,3.4836299419403076,2066780.0,3.4836299419403076,0.05776995956199964,81.22580344858761,83.0387849587749,3.247247264684875,2.905337236352163,
2016-02-23,3.4888100624084473,3.5246999263763428,3.3803598880767822,3.396929979324341,3.396929979324341,2416790.0,3.396929979324341,0.056332191079747594,63.59575580787244,74.13769328165199,3.2494450240838724,2.9096564691360682,
2016-02-24,3.4032700061798096,3.4248199462890625,3.3242299556732178,3.3748700618743896,3.3748700618743896,1909510.0,3.3748700618743896,0.05596636561600304,59.29457157135054,68.03871027593686,3.251836663386861,2.913890852993482,
2016-02-25,3.3861100673675537,3.39982008934021,3.3336400985717773,3.3655200004577637,3.3655200004577637,1556360.0,3.3655200004577637,0.05581131106688528,56.443937033665584,59.77808813762952,3.2541263351023524,2.918173537842215,
2016-02-26,3.369489908218384,3.416790008544922,3.3242299556732178,3.416790008544922,3.416790008544922,1849390.0,3.416790008544922,0.05666153521333661,64.46899985987031,60.06916948829547,3.257135843318668,2.92257534608449,
2016-02-27,3.428809881210327,3.449049949645996,3.3927700519561768,3.4128799438476562,3.4128799438476562,731107.0,3.4128799438476562,0.05659669357309051,60.826739461336224,60.5798921182907,3.2599040940811075,2.926853318410377,
2016-02-28,3.4141600131988525,3.468980073928833,3.357909917831421,3.4418599605560303,3.4418599605560303,986849.0,3.4418599605560303,0.05707727687879501,65.66401757133157,63.6532522975127,3.2629934386477446,2.9312399759684524,
2016-02-29,3.441200017929077,3.4897499084472656,3.420490026473999,3.4461100101470947,3.4461100101470947,1431670.0,3.4461100101470947,0.05714775657873568,65.96633821439255,64.15236508235346,3.2662596129328825,2.93549898977149,
2016-03-01,3.448349952697754,3.4542899131774902,3.410130023956299,3.4329700469970703,3.4329700469970703,1133580.0,3.4329700469970703,0.056929853083681814,60.55759958807284,64.06265179126565,3.2694885743771747,2.9396000035821577,
2016-03-02,3.4343600273132324,3.4404900074005127,3.3650200366973877,3.3650200366973877,3.3650200366973877,1469810.0,3.3650200366973877,0.055803020035202586,38.13460407074965,54.88618062440501,3.272466771589602,2.943460551679951,
2016-03-03,3.3637399673461914,3.3637399673461914,3.305259943008423,3.3235299587249756,3.3235299587249756,1812040.0,3.3235299587249756,0.05511497906453753,26.335288982038595,41.67583088028703,3.275352454576336,2.947277072031204,
2016-03-04,3.321500062942505,3.3487300872802734,3.2475099563598633,3.250230073928833,3.250230073928833,1459960.0,3.250230073928833,0.05389942762791914,0.8092453568935873,21.759712803227284,3.2787245310069433,2.9509313736876397,
2016-03-05,3.2517199516296387,3.2518599033355713,3.132970094680786,3.19215989112854,3.19215989112854,1689010.0,3.19215989112854,0.05293643438005931,13.13373331633379,13.42608921842199,3.2814078096483574,2.9544775103869503,
2016-03-06,3.1914899349212646,3.2536399364471436,3.1742899417877197,3.2216498851776123,3.2216498851776123,1010650.0,3.2216498851776123,0.05342547477530566,22.63799775293755,12.193658808721642,3.2830586837289113,2.9580697017173243,
2016-03-07,3.2216200828552246,3.2726399898529053,3.2012600898742676,3.2677500247955322,3.2677500247955322,1057270.0,3.2677500247955322,0.05418996562132429,34.406348255726904,23.39269310833275,3.2842591212746877,2.9618392634065183,
2016-03-08,3.2714099884033203,3.2756400108337402,3.226840019226074,3.2542200088500977,3.2542200088500977,918434.0,3.2542200088500977,0.053965593777280024,33.98452196308179,30.342955990582084,3.2853974813972013,2.965428140065441,
2016-03-09,3.2505500316619873,3.2989399433135986,3.2393300533294678,3.2798500061035156,3.2798500061035156,1247320.0,3.2798500061035156,0.05439062282157611,41.16822358085139,36.51969793322002,3.2866678094603325,2.9689097567780376,
2016-03-10,3.277909994125366,3.291520118713379,3.2513298988342285,3.2875499725341797,3.2875499725341797,898376.0,3.2875499725341797,0.05451831340775831,43.32640802222337,39.49305118871885,3.2886548589487545,2.972365291151282,
2016-03-11,3.2863199710845947,3.404059886932373,3.2860100269317627,3.384700059890747,3.384700059890747,1804450.0,3.384700059890747,0.05612937908108515,70.55611206039923,51.683581221158,3.2910337669601857,2.9760417572439533,
2016-03-12,3.391129970550537,3.3919200897216797,3.274970054626465,3.290179967880249,3.290179967880249,1076560.0,3.290179967880249,0.05456192731834091,44.06355604590352,52.64869204284204,3.292851909262235,2.97955468844061,
2016-03-13,3.2894198894500732,3.3243799209594727,3.2840399742126465,3.3073999881744385,3.3073999881744385,1140930.0,3.3073999881744385,0.05484749148348816,48.8900679812061,54.50324536250295,3.295484968873321,2.9831474281337163,
2016-03-14,3.3090898990631104,3.327899932861328,3.290750026702881,3.3035199642181396,3.3035199642181396,670283.0,3.3035199642181396,0.05478314801681956,53.077917924661996,48.677180650590536,3.298149340791129,2.9866671264988103,
2016-03-15,3.3032898902893066,3.327280044555664,3.2870399951934814,3.3057799339294434,3.3057799339294434,747107.0,3.3057799339294434,0.05482062569413009,56.19468271836953,52.72088954141254,3.3006691763309832,2.9901539753561153,
2016-03-16,3.307110071182251,3.3179900646209717,3.295340061187744,3.309390068054199,3.309390068054199,692940.0,3.309390068054199,0.054880493506118296,65.07805842046801,58.11688635449985,3.303326007446956,2.9937902496285633,
2016-03-17,3.3113598823547363,3.3247499465942383,3.2953500747680664,3.307389974594116,3.307389974594116,1038460.0,3.307389974594116,0.05484732542562899,64.34026101265312,61.871000717163554,3.3060823464002764,2.9980775098278096,
2016-03-18,3.307149887084961,3.307149887084961,3.152820110321045,3.1698100566864014,3.1698100566864014,1502010.0,3.1698100566864014,0.05256580114591602,13.589579194271407,47.66929954246417,3.307521909963889,3.001942496430384,
2016-03-19,3.1707799434661865,3.1946799755096436,3.1596100330352783,3.1782500743865967,3.1782500743865967,617579.0,3.1782500743865967,0.052705764198642355,10.121790589271344,29.35054359873195,3.3087311455460844,3.0058083596294876,
2016-03-20,3.181529998779297,3.210360050201416,3.1782400608062744,3.205549955368042,3.205549955368042,926158.0,3.205549955368042,0.05315848536783379,20.987857001867567,14.899742261803434,3.3105451891331072,3.0098052361240124,
2016-03-21,3.2051899433135986,3.2067599296569824,3.1880300045013428,3.2009100914001465,3.2009100914001465,507480.0,3.2009100914001465,0.053081541272661265,19.14106982888204,16.75023914000698,3.312482183748256,3.0136495926608777,
2016-03-22,3.200040102005005,3.2400600910186768,3.198040008544922,3.23471999168396,3.23471999168396,1265140.0,3.23471999168396,0.05364221981910391,32.59829413461684,24.242406988455475,3.314862457129473,3.0176401680462983,
2016-03-23,3.233839988708496,3.2541799545288086,3.22160005569458,3.242799997329712,3.242799997329712,1703040.0,3.242799997329712,0.053776212696417344,35.81434764124444,29.18457053491444,3.3170381400103124,3.02199964751936,
2016-03-24,3.2450199127197266,3.2510900497436523,3.2163898944854736,3.2246999740600586,3.2246999740600586,1394180.0,3.2246999740600586,0.05347605520845617,28.610065137182854,32.34090230434804,3.3190007079494457,3.0262504966291663,
2016-03-25,3.227839946746826,3.236999988555908,3.2142999172210693,3.229069948196411,3.229069948196411,1200290.0,3.229069948196411,0.05354852364894829,31.890357358668926,32.104923379032066,3.3206350790346906,3.030452085521123,
2016-03-26,3.227720022201538,3.2389700412750244,3.212599992752075,3.230570077896118,3.230570077896118,1117430.0,3.230570077896118,0.0535734006977549,44.40829699675081,34.96957316420086,3.322480489647454,3.0346817568556905,
2016-03-27,3.2318201065063477,3.3249499797821045,3.2250900268554688,3.3036000728607178,3.3036000728607178,2089890.0,3.3036000728607178,0.054784476479692895,86.1206964640261,54.139783606481934,3.3247576489474606,3.039065154284647,
2016-03-28,3.302910089492798,3.302910089492798,3.2568199634552,3.2640600204467773,3.2640600204467773,1427140.0,3.2640600204467773,0.054128773300221304,63.76243956170104,64.76381100749263,3.3269046434287817,3.043471675049769,
2016-03-29,3.2617599964141846,3.2829999923706055,3.1962900161743164,3.226330041885376,3.226330041885376,1764730.0,3.226330041885376,0.0535030870556734,42.70608686016635,64.19640762863116,3.327743605837796,3.047736743704913,
2016-03-30,3.2266499996185303,3.27701997756958,3.203010082244873,3.219409942626953,3.219409942626953,1450290.0,3.219409942626953,0.05338832921371346,38.685808868850984,48.38477843023944,3.3291065562618236,3.052029373547802,
2016-03-31,3.225480079650879,3.266479969024658,3.2218399047851562,3.2570700645446777,3.2570700645446777,1704440.0,3.2570700645446777,0.05401285700700575,60.56470881552429,47.318868181513864,3.330457868471823,3.0563922228878493,
2016-04-01,3.2457499504089355,3.255150079727173,3.2311298847198486,3.239949941635132,3.239949941635132,1316230.0,3.239949941635132,0.053728949466691614,48.59074299985868,49.28042022807798,3.3317585786183677,3.0606720584712614,
2016-04-02,3.2458999156951904,3.275739908218384,3.2448599338531494,3.2621099948883057,3.2621099948883057,1174830.0,3.2621099948883057,0.05409643550902784,57.167187240999375,55.44087968546077,3.33322803179423,3.0649558939345893,
2016-04-03,3.2614500522613525,3.2746999263763428,3.246799945831299,3.2626800537109375,3.2626800537109375,1281200.0,3.2626800537109375,0.0541058889457247,54.520933893335,53.42628804473102,3.3344990699017636,3.0692704968256495,
2016-04-04,3.2613000869750977,3.2684199810028076,3.2220299243927,3.2505900859832764,3.2505900859832764,1188610.0,3.2505900859832764,0.05390539780333204,42.204325484258916,51.29748220619775,3.3357899449562116,3.073516442351145,
2016-04-05,3.246040105819702,3.2710800170898438,3.2414400577545166,3.251650094985962,3.251650094985962,863788.0,3.251650094985962,0.05392297621385242,43.028209599380325,46.5844896589914,3.337077704935126,3.077803511162327,
2016-04-06,3.2585198879241943,3.2636001110076904,3.2427499294281006,3.255929946899414,3.255929946899414,1088910.0,3.255929946899414,0.05399395013361204,46.354692674176626,43.86240925260528,3.337678797258054,3.0821528535999665,
2016-04-07,3.257009983062744,3.260890007019043,3.2277801036834717,3.2453200817108154,3.2453200817108154,1150280.0,3.2453200817108154,0.05381800392430767,38.1082538511857,42.49705204158088,3.3386992352907776,3.0865852372287073,
2016-04-08,3.241909980773926,3.2539799213409424,3.214400053024292,3.2202699184417725,3.2202699184417725,1352320.0,3.2202699184417725,0.05340259042080905,18.638200723075983,34.36704908281276,3.3395530057083715,3.0910628534343143,
2016-04-09,3.224020004272461,3.2261500358581543,3.1981699466705322,3.216200113296509,3.216200113296509,1224580.0,3.216200113296509,0.05333509976233338,15.474974936948591,24.073809837070083,3.3401444270962575,3.095690689348195,
2016-04-10,3.221859931945801,3.2523601055145264,3.2116799354553223,3.226989984512329,3.226989984512329,1417490.0,3.226989984512329,0.05351403105934421,28.79379781170267,20.968991157242403,3.340805629563462,3.100534196095924,
2016-04-11,3.227449893951416,3.2437899112701416,3.2138500213623047,3.241770029067993,3.241770029067993,1061060.0,3.241770029067993,0.05375913245947447,52.45072699676646,32.239833248472564,3.341334208764665,3.1054089905464486,
2016-04-12,3.240139961242676,3.276789903640747,3.231450080871582,3.257319927215576,3.257319927215576,1305310.0,3.257319927215576,0.054017000545967815,75.01579881531562,52.08677454126157,3.341990601169607,3.110560826079486,
2016-04-13,3.2629499435424805,3.2705800533294678,3.236030101776123,3.2388598918914795,3.2388598918914795,1295720.0,3.2388598918914795,0.05371087288259374,51.755237205691486,59.740587672591175,3.3423136609499573,3.1156577574063653,
2016-04-14,3.2457399368286133,3.2558200359344482,3.233760118484497,3.239609956741333,3.239609956741333,1190770.0,3.239609956741333,0.05372331140699705,52.70927594948993,59.82677065683234,3.342835135798637,3.120744359983157,
2016-04-15,3.2432100772857666,3.284759998321533,3.241529941558838,3.278830051422119,3.278830051422119,1404400.0,3.278830051422119,0.0543737086424924,93.15169954706279,65.87207090074806,3.343785627292154,3.1258330724010728,
2016-04-16,3.2798500061035156,3.294059991836548,3.2682700157165527,3.273819923400879,3.273819923400879,1155850.0,3.273819923400879,0.05429062436028925,78.89241954091578,74.91779834582282,3.3446952983981273,3.1309418119796333,
2016-04-17,3.280050039291382,3.283750057220459,3.2514700889587402,3.25777006149292,3.25777006149292,1211900.0,3.25777006149292,0.05402446524211322,62.154642558777894,78.06625388225216,3.3457129483665926,3.136004387515865,
2016-04-18,3.2603700160980225,3.27101993560791,3.239180088043213,3.2403900623321533,3.2403900623321533,1317730.0,3.2403900623321533,0.05373624810497785,44.0297171500179,61.69225974990385,3.346902019990598,3.1410762231643887,
2016-04-19,3.2488999366760254,3.292949914932251,3.242500066757202,3.285170078277588,3.285170078277588,1333410.0,3.285170078277588,0.05447884698989632,90.72905477980666,65.63780482953415,3.348198194972804,3.146216524790411,
2016-04-20,3.291749954223633,3.2947299480438232,3.266619920730591,3.2783799171447754,3.2783799171447754,1638920.0,3.2783799171447754,0.054366243946346995,83.06749102473569,72.60875431818674,3.34921338519112,3.1512973465331613,
2016-04-21,3.2809300422668457,3.351759910583496,3.273469924926758,3.346400022506714,3.346400022506714,1688230.0,3.346400022506714,0.0554942393998404,96.5102615169442,90.10226910716217,3.350695625680392,3.1564814835378567,
2016-04-22,3.346790075302124,3.3480899333953857,3.3068599700927734,3.319269895553589,3.319269895553589,1569850.0,3.319269895553589,0.05504433330673769,78.84626429867603,86.1413389467853,3.3518137671256976,3.1615705790585036,
2016-04-23,3.320780038833618,3.3397200107574463,3.305259943008423,3.33447003364563,3.33447003364563,1383790.0,3.33447003364563,0.055296401229435854,87.65713877230068,87.67122152930695,3.3530319635985326,3.1668176748981214,
2016-04-24,3.346359968185425,3.6453499794006348,3.346359968185425,3.6318299770355225,3.6318299770355225,4502460.0,3.6318299770355225,0.060227600062634695,96.86674306375916,87.7900487115786,3.3559389036209857,3.1729243049882863,
2016-04-25,3.6228599548339844,3.874239921569824,3.55076003074646,3.8117198944091797,3.8117198944091797,6605750.0,3.8117198944091797,0.06321076228867165,90.27364416762856,91.5991753345628,3.360015023601511,3.179747729432093,
2016-04-26,3.7955899238586426,4.114480018615723,3.7863800525665283,4.04580020904541,4.04580020904541,6717450.0,4.04580020904541,0.06709257824965839,92.20185560016535,93.114080943851,3.3651591233216998,3.187041757531362,
2016-04-27,4.048610210418701,4.2299299240112305,3.8689301013946533,3.889709949493408,3.889709949493408,9435190.0,3.889709949493408,0.06450409206351695,65.8471906465858,82.77423013812655,3.3695042602351455,3.1939614560506113,
2016-04-28,3.8788599967956543,3.8794400691986084,3.686310052871704,3.7885000705718994,3.7885000705718994,3952590.0,3.7885000705718994,0.06282570178957361,55.44487241746252,71.16463955473789,3.373262348070822,3.2006112644117173,
2016-04-29,3.792069911956787,3.8468499183654785,3.7235000133514404,3.8136000633239746,3.8136000633239746,2467080.0,3.8136000633239746,0.06324194162860951,57.97830637231664,59.75678981212164,3.373433877861565,3.207114716751935,
2016-04-30,3.8134799003601074,3.815049886703491,3.643850088119507,3.659749984741211,3.659749984741211,2502180.0,3.659749984741211,0.06069060495781882,42.44965595044262,51.95761158007391,3.371237539854206,3.2132877578474073,
2016-05-01,3.6575000286102295,3.720449924468994,3.6431100368499756,3.705199956893921,3.705199956893921,1911590.0,3.705199956893921,0.061444313904267266,47.03708766152666,49.155016661428625,3.3706958450254847,3.219544387843511,
2016-05-02,3.708709955215454,3.781359910964966,3.6386799812316895,3.680310010910034,3.680310010910034,2667410.0,3.680310010910034,0.061031557326515315,44.338333597725125,44.60835906989812,3.369171309340847,3.22570222338585,
2016-05-03,3.682110071182251,3.7587599754333496,3.6623899936676025,3.740910053253174,3.740910053253174,2363200.0,3.740910053253174,0.06203650390636608,49.23546219880879,46.87029448602018,3.366854425336494,3.2320946892646893,
2016-05-04,3.74183988571167,3.7797598838806152,3.7311201095581055,3.7467899322509766,3.7467899322509766,1716110.0,3.7467899322509766,0.06213401149976543,49.48664949681979,47.68681509778455,3.3622478135947973,3.2385060587974444,
2016-05-05,3.7418100833892822,3.7640199661254883,3.7068800926208496,3.7138500213623047,3.7138500213623047,1702120.0,3.7138500213623047,0.061587760218277554,44.187665518325204,47.636592404651246,3.359426120591294,3.2448757847694503,
2016-05-06,3.716130018234253,3.8221099376678467,3.7060000896453857,3.8221099376678467,3.8221099376678467,1899060.0,3.8221099376678467,0.06338306313259146,55.89561738544797,49.85664413353097,3.3586636618838286,3.2513605241906154,
2016-05-07,3.8195199966430664,4.003439903259277,3.8195199966430664,3.9534499645233154,3.9534499645233154,3278610.0,3.9534499645233154,0.06556110964349218,68.70876406956252,56.26401565777855,3.360879180209884,3.258134140380441,
2016-05-08,3.9364099502563477,3.9441099166870117,3.886199951171875,3.9381399154663086,3.9381399154663086,1783970.0,3.9381399154663086,0.06530721903810173,57.03725806479923,60.5472131732699,3.362733113961142,3.2649555921554567,
2016-05-09,3.9376299381256104,4.083380222320557,3.898629903793335,4.056429862976074,4.056429862976074,3120940.0,4.056429862976074,0.06726885262092255,70.65537795749958,65.46713336395378,3.3662159547128314,3.272127345163528,
2016-05-10,4.05797004699707,4.115630149841309,3.798379898071289,3.819149971008301,3.819149971008301,3688200.0,3.819149971008301,0.06333397722017345,30.523468455353925,52.738701492550895,3.368524861466038,3.278652879309981,
2016-05-11,3.8203299045562744,3.9137699604034424,3.8144400119781494,3.882270097732544,3.882270097732544,2458140.0,3.882270097732544,0.06438071502791454,51.07244583033821,50.750430747730555,3.3727167747059807,3.2853286331647062,
2016-05-12,3.8813400268554688,3.8967199325561523,3.7963500022888184,3.856800079345703,3.856800079345703,1798920.0,3.856800079345703,0.06395833895560657,45.732261454035395,42.442725246575826,3.3775660105741743,3.2919187157121423,
2016-05-13,3.8552699089050293,3.961669921875,3.8287899494171143,3.925679922103882,3.925679922103882,2624100.0,3.925679922103882,0.06510059166243702,60.17398876466278,52.32623201634544,3.3811014193654714,3.298707510020635,
2016-05-14,3.9272799491882324,4.045179843902588,3.9202399253845215,4.010119915008545,4.010119915008545,2444920.0,4.010119915008545,0.06650088246737851,77.8781428801374,61.26146436627852,3.3853862819775857,3.3057097836716536,
2016-05-15,4.014090061187744,4.1020097732543945,3.9665400981903076,4.063119888305664,4.063119888305664,2096570.0,4.063119888305664,0.06737979508588021,88.9904092730023,75.68084697260082,3.3901322370018465,3.312879618879867,
2016-05-16,4.063079833984375,4.162769794464111,3.9796900749206543,4.006529808044434,4.006529808044434,3632510.0,4.006529808044434,0.06644134677110865,68.77572072834003,78.54809096049324,3.3952728373105407,3.3198724678117935,
2016-05-17,4.003640174865723,4.034969806671143,3.974400043487549,3.9831299781799316,3.9831299781799316,2663640.0,3.9831299781799316,0.06605330118430415,60.671687638419044,72.81260587992044,3.3996098862319695,3.3268224951339094,
2016-05-18,3.97979998588562,4.042840003967285,3.975100040435791,4.003220081329346,4.003220081329346,2377740.0,4.003220081329346,0.06638646069489545,65.06998790603137,64.83913209093014,3.4039882467092712,3.333808879003133,
2016-05-19,4.002439975738525,4.034379959106445,3.8333899974823,3.8333899974823,3.8333899974823,3380010.0,3.8333899974823,0.06357012335718436,27.88930756418494,51.21032770287844,3.407528575000867,3.3403135365002776,
2016-05-20,3.82492995262146,3.918869972229004,3.817889928817749,3.881010055541992,3.881010055541992,3638250.0,3.881010055541992,0.06435981941396939,23.104661664311237,38.687985711509164,3.4116127282543913,3.3468969612905424,
2016-05-21,3.8835198879241943,3.9734199047088623,3.878580093383789,3.9544899463653564,3.9544899463653564,1938010.0,3.9544899463653564,0.06557835593829422,43.158133772666105,31.384034333720745,3.416196989882839,3.352711180464862,
2016-05-22,3.956589937210083,3.9866700172424316,3.9046499729156494,3.9296998977661133,3.9296998977661133,1849720.0,3.9296998977661133,0.0651672559853754,36.39265627155346,34.21848390284359,3.4204561697329328,3.3585830704806603,
2016-05-23,3.9229300022125244,3.9730799198150635,3.8994600772857666,3.9681899547576904,3.9681899547576904,1868020.0,3.9681899547576904,0.06580554681218578,46.897017065788,42.149269036669175,3.424999119805508,3.3644379197734677,
2016-05-24,3.9638800621032715,3.984600067138672,3.9388699531555176,3.9514100551605225,3.9514100551605225,1742000.0,3.9514100551605225,0.06552728128532477,42.317597515999985,41.86909028444713,3.429519939943741,3.3703230978691416,
2016-05-25,3.950809955596924,4.045660018920898,3.9475700855255127,4.045660018920898,4.045660018920898,2765530.0,4.045660018920898,0.06709025343963006,68.03945145867331,52.41802201348708,3.4346446938853448,3.3764281664809137,
2016-05-26,4.045259952545166,4.1045098304748535,4.026869773864746,4.082469940185547,4.082469940185547,2530850.0,4.082469940185547,0.06770068212992737,76.71657226841319,62.357873747695486,3.4386776444690477,3.3825581661642414,
2016-05-27,4.089419841766357,4.68326997756958,4.087259769439697,4.5013298988342285,4.5013298988342285,10821100.0,4.5013298988342285,0.07464674795108565,78.97570217873981,74.57724196860876,3.443557370555857,3.3898474262185294,
2016-05-28,4.510950088500977,4.8333001136779785,4.506529808044434,4.700679779052734,4.700679779052734,11564700.0,4.700679779052734,0.07795261990386206,86.93923533537344,80.8771699275088,3.4496888997124846,3.3977086037805635,
2016-05-29,4.688729763031006,4.864990234375,4.579669952392578,4.609620094299316,4.609620094299316,7351420.0,4.609620094299316,0.07644255299273561,75.6116831672798,80.50887356046434,3.4556289552990855,3.4053702478539454,
2016-05-30,4.6326398849487305,4.702750205993652,4.5850701332092285,4.670869827270508,4.670869827270508,3805050.0,4.670869827270508,0.07745827356463947,81.46114502361985,81.33735450875768,3.461099665021636,3.413682000930995,
2016-05-31,4.687600135803223,4.7494401931762695,4.604790210723877,4.650390148162842,4.650390148162842,5187600.0,4.650390148162842,0.07711865361257486,79.5052981005529,78.85937543048418,3.4667235450015044,3.421995371335173,
2016-06-01,4.653289794921875,4.77331018447876,4.621039867401123,4.740990161895752,4.740990161895752,4577160.0,4.740990161895752,0.07862109767721383,88.15776561031016,83.04140291149429,3.4738606494632576,3.4304091251059754,
2016-06-02,4.744649887084961,4.759479999542236,4.67956018447876,4.715050220489502,4.715050220489502,2121360.0,4.715050220489502,0.07819092874680068,85.68045362132692,84.44783911072999,3.4813622894182883,3.438704659840832,
2016-06-03,4.719580173492432,4.865719795227051,4.705560207366943,4.8609700202941895,4.8609700202941895,4061990.0,4.8609700202941895,0.08061075550064832,99.5188345758972,91.11901793584475,3.4894687373781466,3.4474515640572325,
2016-06-04,4.863190174102783,4.902470111846924,4.770219802856445,4.808040142059326,4.808040142059326,3214800.0,4.808040142059326,0.0797330052871608,90.58534146880064,91.92820988867491,3.4973716344989714,3.4558007971881186,
2016-06-05,4.7984299659729,4.842589855194092,4.786220073699951,4.812910079956055,4.812910079956055,2257820.0,4.812910079956055,0.07981376475933562,91.0708737894079,93.72501661136857,3.504416388892085,3.4641654550212704,
2016-06-06,4.814459800720215,4.966469764709473,4.810359954833984,4.959159851074219,4.959159851074219,2993510.0,4.959159851074219,0.08223906351501867,99.28864198367265,93.64828574729371,3.512536934816121,3.4730110161925016,
2016-06-07,4.954820156097412,4.980209827423096,4.722499847412109,4.770780086517334,4.770780086517334,3881380.0,4.770780086517334,0.07911511190071809,79.71899275143984,90.02616950817344,3.518687973908388,3.4811872354925497,
2016-06-08,4.774290084838867,4.786930084228516,4.689620018005371,4.748169898986816,4.748169898986816,3507640.0,4.748169898986816,0.07874016116223646,75.6603189417891,84.88931789230053,3.5244871540799165,3.489275865358849,
2016-06-09,4.7778801918029785,4.779339790344238,4.674779891967773,4.693120002746582,4.693120002746582,6438540.0,4.693120002746582,0.07782725412770819,67.84928539846165,74.40953236389684,3.530083274580742,3.4973138926780387,
2016-06-10,4.751999855041504,4.849520206451416,4.7131500244140625,4.840000152587891,4.840000152587891,6975970.0,4.840000152587891,0.08026300662100164,70.3999178561254,71.30317406545869,3.536509833049253,3.505664139577787,
2016-06-11,4.882339954376221,5.013979911804199,4.840370178222656,5.013979911804199,5.013979911804199,10294700.0,5.013979911804199,0.0831481591263032,100.0,79.41640108486233,3.542944422185095,3.514463564141156,
2016-06-12,5.067299842834473,5.455440044403076,5.0465898513793945,5.333580017089844,5.333580017089844,13753200.0,5.333580017089844,0.08844817246471161,85.99905330526852,85.46632372046463,3.552382947317238,3.5239760300884506,
2016-06-13,5.414649963378906,5.541530132293701,5.158629894256592,5.290319919586182,5.290319919586182,8668280.0,5.290319919586182,0.08773077879055953,73.18250168237391,86.39385166254745,3.5614735480866146,3.5329827419699056,
2016-06-14,5.305180072784424,5.306930065155029,5.097360134124756,5.204020023345947,5.204020023345947,8488220.0,5.204020023345947,0.08629964471515705,63.33365796246182,74.17173765003473,3.570159067873095,3.541710879051522,
2016-06-15,5.223100185394287,5.242030143737793,5.108729839324951,5.239779949188232,5.239779949188232,3917000.0,5.239779949188232,0.08689266105279315,65.18602833129871,67.23406265871147,3.577842182149001,3.5481853720259995,
2016-06-16,5.253049850463867,5.660789966583252,5.253049850463867,5.660789966583252,5.660789966583252,9930590.0,5.660789966583252,0.0938743818685697,100.0,76.17322876458684,3.5885627829963394,3.5557803585104746,
2016-06-17,5.672430038452148,5.9463701248168945,5.280940055847168,5.5932698249816895,5.5932698249816895,12383200.0,5.5932698249816895,0.09275467744675898,72.23159704175694,79.1392084576852,3.598689940457787,3.562624741906989,
2016-06-18,5.603990077972412,5.693990230560303,5.4889397621154785,5.55994987487793,5.55994987487793,7878070.0,5.55994987487793,0.09220212387413987,69.61125998324532,80.61428567500074,3.608542344609245,3.5701662481647647,
2016-06-19,5.560369968414307,5.626460075378418,5.507410049438477,5.593780040740967,5.593780040740967,3760240.0,5.593780040740967,0.09276313849005939,72.27172126936556,71.3715260981226,3.6187781922804203,3.5771741115883606,
2016-06-20,5.625189781188965,5.625189781188965,5.269199848175049,5.294539928436279,5.294539928436279,4154880.0,5.294539928436279,0.08780076031692269,48.73897427474521,63.540651842452014,3.62838704468774,3.5833992618404023,
2016-06-21,5.273550033569336,5.286459922790527,4.695819854736328,4.821750164031982,4.821750164031982,11984800.0,4.821750164031982,0.07996036221891152,11.557990008692332,44.18956185093435,3.6358354612777792,3.5883123855068257,
2016-06-22,4.8275299072265625,4.919020175933838,3.8808600902557373,3.9107000827789307,3.9107000827789307,11522400.0,3.9107000827789307,0.06485217701264052,1.4446791360920803,20.580547806509866,3.6385194512664296,3.590877235099061,
2016-06-23,3.918139934539795,3.9462900161743164,3.4660699367523193,3.8505098819732666,3.8505098819732666,11138900.0,3.8505098819732666,0.06385402694373993,15.49973455112032,9.500801231968234,3.640008194199025,3.59381389225999,
2016-06-24,3.851830005645752,4.329410076141357,3.8471899032592773,4.279099941253662,4.279099941253662,9364750.0,4.279099941253662,0.07096144960514722,32.77950017557211,16.574637954261494,3.643478685389451,3.5977283301418774,
2016-06-25,4.274600028991699,4.4357099533081055,3.924839973449707,4.233069896697998,4.233069896697998,6057000.0,4.233069896697998,0.07019812116414276,30.92367462763381,26.40096978477541,3.646802838382825,3.6014895079887075,
2016-06-26,4.2430100440979,4.2430100440979,3.971560001373291,4.074309825897217,4.074309825897217,4480920.0,4.074309825897217,0.0675653607897406,24.522833650209027,29.40866948447164,3.6503541482602313,3.6041501652704526,
2016-06-27,4.051529884338379,4.155020236968994,4.028349876403809,4.119850158691406,4.119850158691406,2749620.0,4.119850158691406,0.06832056821068008,26.35891514604302,27.268474474628608,3.6538557889031584,3.6063803849154956,
2016-06-28,4.137750148773193,4.182620048522949,4.066780090332031,4.1006598472595215,4.1006598472595215,2867420.0,4.1006598472595215,0.06800233018486249,25.58520591825559,25.48898490483587,3.657323712208232,3.6073780830592326,
2016-06-29,4.10168981552124,4.10168981552124,4.030139923095703,4.061880111694336,4.061880111694336,2211450.0,4.061880111694336,0.06735923554141193,24.021696156340592,25.32193907354639,3.6603926739406063,3.6073099188608664,
2016-06-30,4.077380180358887,4.210440158843994,4.044710159301758,4.19350004196167,4.19350004196167,2864910.0,4.19350004196167,0.06954192376485221,29.328309077659586,26.311737050751915,3.664405570004156,3.6080475356480846,
2016-07-01,4.193490028381348,4.333940029144287,4.17602014541626,4.255970001220703,4.255970001220703,6987180.0,4.255970001220703,0.07057787967302312,35.45459263797444,29.60153262399153,3.6686449142101685,3.6085697272052504,
2016-07-02,4.277770042419434,4.607759952545166,4.240990161895752,4.5899200439453125,4.5899200439453125,16646200.0,4.5899200439453125,0.07611586183113471,52.02070158993164,38.934534435188546,3.6745516902110618,3.609870028169188,
2016-07-03,4.660930156707764,4.660930156707764,4.185369968414307,4.253290176391602,4.253290176391602,7659710.0,4.253290176391602,0.07053343942690322,36.460238261794245,41.31184416323344,3.6786562262988483,3.6102529323264343,
2016-07-04,4.2726898193359375,4.540559768676758,4.213719844818115,4.540559768676758,4.540559768676758,5062640.0,4.540559768676758,0.07529730729068163,59.02525503685594,49.168731629527265,3.68443485947906,3.609123725760473,
2016-07-05,4.5577898025512695,4.5577898025512695,4.357450008392334,4.452280044555664,4.452280044555664,4707390.0,4.452280044555664,0.07383334120426674,67.87638566059223,54.4539596530808,3.6896637671632195,3.6064800268983186,
2016-07-06,4.4644598960876465,4.50738000869751,4.421909809112549,4.468220233917236,4.468220233917236,3238960.0,4.468220233917236,0.07409768159350903,83.87176009611288,70.25780026452036,3.6951203255054077,3.6043802738189696,
2016-07-07,4.496560096740723,4.526150226593018,3.9539899826049805,4.111879825592041,4.111879825592041,6277860.0,4.111879825592041,0.06818839406230039,32.52756898912828,61.42523824861112,3.6987177009790972,3.5982179713575806,
2016-07-08,4.115670204162598,4.226210117340088,4.075170040130615,4.219910144805908,4.219910144805908,5033530.0,4.219910144805908,0.0699798895071291,40.08614407139243,52.16182438554452,3.7020825649219784,3.5891302180616824,
2016-07-09,4.237390041351318,4.237390041351318,3.970789909362793,4.163070201873779,4.163070201873779,6256370.0,4.163070201873779,0.06903729765339549,29.57537666241052,34.06302990764373,3.7053295054722355,3.5881928215288137,
2016-07-10,4.121570110321045,4.150269985198975,4.063260078430176,4.099830150604248,4.099830150604248,3039620.0,4.099830150604248,0.06798857110510295,20.629775098630006,30.097098610810974,3.7082762822427386,3.587442164878323,
2016-07-11,4.121180057525635,4.191050052642822,4.061299800872803,4.085440158843994,4.085440158843994,3282920.0,4.085440158843994,0.0677499380539631,18.59424333973442,22.933131700258304,3.7112747528513923,3.5841495350615618,
2016-07-12,4.092189788818359,4.211740016937256,4.088129997253418,4.153279781341553,4.153279781341553,2734250.0,4.153279781341553,0.06887494051223295,28.19047580504276,22.471498081135717,3.714535189456627,3.5827067394779153,
2016-07-13,4.162829875946045,4.181739807128906,4.1334099769592285,4.1385498046875,4.1385498046875,2215370.0,4.1385498046875,0.06863066940139852,26.106851589917717,24.29719024489829,3.7180590681690986,3.5813058075839526,
2016-07-14,4.140979766845703,4.175350189208984,4.123569965362549,4.1484599113464355,4.1484599113464355,1663660.0,4.1484599113464355,0.06879501132935396,27.50868261069865,27.268670001886363,3.721733602669721,3.5811259994768116,
2016-07-15,4.1544599533081055,4.180840015411377,4.147160053253174,4.1597700119018555,4.1597700119018555,1668020.0,4.1597700119018555,0.06898256972752437,29.10854932781855,27.574694509478295,3.7255247499121995,3.582413643353606,
2016-07-16,4.1527099609375,4.16480016708374,4.114449977874756,4.132669925689697,4.132669925689697,1378140.0,4.132669925689697,0.06853316180799916,25.27511515546409,27.297449031327087,3.7317317991308827,3.583361205009565,
2016-07-17,4.137720108032227,4.208640098571777,4.130770206451416,4.189889907836914,4.189889907836914,2155230.0,4.189889907836914,0.06948205595286401,39.06922748882536,31.15096399070266,3.7377588475336796,3.583876300184694,
2016-07-18,4.199389934539795,4.204440116882324,4.138350009918213,4.148220062255859,4.148220062255859,1577810.0,4.148220062255859,0.06879103384825107,32.167959186896844,32.17076727706209,3.743890159117068,3.584923177222683,
2016-07-19,4.152750015258789,4.166009902954102,4.138460159301758,4.149159908294678,4.149159908294678,1563330.0,4.149159908294678,0.06880661956446144,34.11106027383789,35.11608231652002,3.7499021806352126,3.585500080944741,
2016-07-20,4.149990081787109,4.162869930267334,4.112480163574219,4.125060081481934,4.125060081481934,1908710.0,4.125060081481934,0.06840696574254947,29.898983837914106,32.059334432882935,3.7559547489458094,3.5864832316359427,
2016-07-21,4.133190155029297,4.139289855957031,4.111690044403076,4.120230197906494,4.120230197906494,1422410.0,4.120230197906494,0.06832687050181133,56.05409398301917,40.02137936492371,3.7599531105958697,3.5872957530086986,
2016-07-22,4.12578010559082,4.1419901847839355,4.026179790496826,4.038290023803711,4.038290023803711,2677970.0,4.038290023803711,0.06696803485528326,25.318860098622608,37.09064597318528,3.7644203790550024,3.587991232414768,
2016-07-23,4.042600154876709,4.064070224761963,4.03046989440918,4.057000160217285,4.057000160217285,1568890.0,4.057000160217285,0.06727831001137795,16.609361990810694,32.66077202415081,3.7697779207281727,3.586498547906745,
2016-07-24,4.06374979019165,4.084080219268799,4.037869930267334,4.070670127868652,4.070670127868652,1839420.0,4.070670127868652,0.067505002711692,23.976224983810788,21.968149024414682,3.775063112133839,3.5849606853641878,
2016-07-25,4.072619915008545,4.075699806213379,4.030449867248535,4.032040119171143,4.032040119171143,1535980.0,4.032040119171143,0.06686439102861183,3.158181463093733,14.581256145905058,3.779713604619594,3.583233890794728,
2016-07-26,4.037189960479736,4.046060085296631,3.930989980697632,3.9702401161193848,3.9702401161193848,2545920.0,3.9702401161193848,0.06583954518197091,14.136545563990865,13.75698400363178,3.7843199440690336,3.581312986922591,
2016-07-27,3.9649100303649902,3.9863500595092773,3.9347100257873535,3.955889940261841,3.955889940261841,1847300.0,3.955889940261841,0.06560157240850918,8.968106966731327,8.754277997938628,3.7886973756258606,3.578292410994229,
2016-07-28,3.9657599925994873,3.989530086517334,3.9638800621032715,3.967740058898926,3.967740058898926,1728410.0,3.967740058898926,0.06579808606979892,13.236111146890343,12.113587892537497,3.7924148072310486,3.576018603207314,
2016-07-29,3.974790096282959,4.096099853515625,3.9581799507141113,4.077439785003662,4.077439785003662,1744370.0,4.077439785003662,0.06761726573200588,52.74617040588245,24.983462839834697,3.7976458437455807,3.574647122866487,
2016-07-30,4.08266019821167,4.094319820404053,4.0596699714660645,4.06181001663208,4.06181001663208,1388580.0,4.06181001663208,0.06735807313639776,47.11686670118647,37.69971608465307,3.802839449846028,3.5730601918207454,
2016-07-31,4.079579830169678,4.083759784698486,3.970249891281128,4.013820171356201,4.013820171356201,1921460.0,4.013820171356201,0.06656224480009922,30.29078420448274,43.384607103850534,3.8079379204192447,3.572678328866828,
2016-08-01,4.062910079956055,4.062910079956055,3.863420009613037,3.863420009613037,3.863420009613037,1991690.0,3.863420009613037,0.06406811901555007,0.0,25.802550301889724,3.8123710350912123,3.571824931445187,
2016-08-02,3.871690034866333,3.8876900672912598,3.519129991531372,3.639580011367798,3.639580011367798,5039290.0,3.639580011367798,0.06035612093811274,18.71097512963692,16.333919778039874,3.815443931381559,3.5703931233654282,
2016-08-03,3.639430046081543,3.7364799976348877,3.5917699337005615,3.7192299365997314,3.7192299365997314,2875880.0,3.7192299365997314,0.061676976779994216,32.125980635147265,16.945651921594713,3.8189595592477934,3.5685884652072435,
2016-08-04,3.711970090866089,3.7525599002838135,3.7074201107025146,3.7484500408172607,3.7484500408172607,1593350.0,3.7484500408172607,0.06216154152056016,36.81725879581162,29.21807152019859,3.8227897237558834,3.566942520664163,
2016-08-05,3.7420101165771484,3.7420101165771484,3.6991100311279297,3.7290399074554443,3.7290399074554443,1162030.0,3.7290399074554443,0.061839658129357995,36.381435106882805,35.10822484594721,3.825884094655188,3.566022985928679,
2016-08-06,3.7211599349975586,3.770940065383911,3.6951699256896973,3.7601799964904785,3.7601799964904785,1371060.0,3.7601799964904785,0.062356062487539915,41.77861286031702,38.3257689210038,3.829287209797427,3.5647953144491535,
2016-08-07,3.7586801052093506,3.8100199699401855,3.7459700107574463,3.780319929122925,3.780319929122925,1335400.0,3.780319929122925,0.06269004833366851,45.26925144639207,41.143099804530614,3.833010269644482,3.5645913966714518,
2016-08-08,3.774509906768799,3.7978100776672363,3.747809886932373,3.7855100631713867,3.7855100631713867,1379300.0,3.7855100631713867,0.0627761177035781,46.16880173323245,44.40555534664716,3.836832948069755,3.56428158838455,
2016-08-09,3.7828400135040283,3.7848498821258545,3.742340087890625,3.7597498893737793,3.7597498893737793,1878160.0,3.7597498893737793,0.06234892990711284,41.70406700531862,44.38070672831436,3.8406449145958073,3.5637634238151654,
2016-08-10,3.7617599964141846,3.807339906692505,3.7195000648498535,3.7224199771881104,3.7224199771881104,1656370.0,3.7224199771881104,0.06172987806941451,35.2340735714696,41.03564743667354,3.8441469369690275,3.56256580679384,
2016-08-11,3.717410087585449,3.747349977493286,3.640160083770752,3.7421700954437256,3.7421700954437256,2374230.0,3.7421700954437256,0.062057399520311245,38.65714981113535,38.53176346264118,3.847682020051883,3.56189928642691,
2016-08-12,3.738460063934326,3.75039005279541,3.6854701042175293,3.709350109100342,3.709350109100342,2025430.0,3.709350109100342,0.061513136979374806,33.07084166313993,35.65402168191495,3.8511450264623255,3.5614308207002403,
2016-08-13,3.708669900894165,3.7546000480651855,3.684149980545044,3.7144100666046143,3.7144100666046143,2473190.0,3.7144100666046143,0.06159704759711525,34.58550672253401,35.43783273226975,3.8544375948567207,3.5605765199008053,
2016-08-14,3.715709924697876,3.7224600315093994,3.61257004737854,3.650209903717041,3.650209903717041,2655030.0,3.650209903717041,0.060532399263135445,24.105316648390748,30.587221678021546,3.8572819662875815,3.5598224097735263,
2016-08-15,3.648289918899536,3.6824700832366943,3.569780111312866,3.577080011367798,3.577080011367798,3314040.0,3.577080011367798,0.059319666856364334,15.723357913074528,24.804727094666415,3.8592846445698554,3.558794464477121,
2016-08-16,3.5850300788879395,3.6479299068450928,3.5819499492645264,3.6377201080322266,3.6377201080322266,2302180.0,3.6377201080322266,0.060325277667651764,28.28006855629844,22.702914372587895,3.8617721320501444,3.5578458622710345,
2016-08-17,3.6451098918914795,3.6487300395965576,3.592910051345825,3.599440097808838,3.599440097808838,1830120.0,3.599440097808838,0.05969047010212534,12.34598899010459,18.783138486492504,3.863905630476488,3.5582012868907356,
2016-08-18,3.602799892425537,3.6415700912475586,3.602799892425537,3.6071200370788574,3.6071200370788574,1645410.0,3.6071200370788574,0.05981782857258921,15.542768789219155,18.722942111874048,3.865906122603703,3.5585555337879757,
2016-08-19,3.6109800338745117,3.624650001525879,3.598759889602661,3.6040899753570557,3.6040899753570557,1433570.0,3.6040899753570557,0.05976758025515703,14.28150359404509,14.05675379112293,3.867833226104903,3.5585527942605215,
2016-08-20,3.6080000400543213,3.626339912414551,3.5995900630950928,3.6155600547790527,3.6155600547790527,1642330.0,3.6155600547790527,0.059957791625315546,19.055931737457563,16.29340137357392,3.869815576271933,3.5586912599328446,
2016-08-21,3.6194100379943848,3.626539945602417,3.6034600734710693,3.615070104598999,3.615070104598999,1321380.0,3.615070104598999,0.059949666651492026,19.064670944742964,17.467368758748524,3.8706739378757162,3.5589757533922586,
2016-08-22,3.617419958114624,3.6620800495147705,3.604520082473755,3.657259941101074,3.657259941101074,2685030.0,3.657259941101074,0.060649311903506004,36.824341277280766,24.98164798649375,3.871728527089937,3.5596957258982203,
2016-08-23,3.6644198894500732,4.005169868469238,3.659899950027466,3.930730104446411,3.930730104446411,12154100.0,3.930730104446411,0.06518434017607681,82.90272961196655,46.263913944663415,3.874171697376856,3.5622600823232573,
2016-08-24,3.928809881210327,3.9479598999023438,3.8399200439453125,3.8550500869750977,3.8550500869750977,4425210.0,3.8550500869750977,0.06392931836783788,65.52059872179666,61.74922320368131,3.8766750859432535,3.5647747399055794,
2016-08-25,3.856489896774292,3.8712100982666016,3.7767701148986816,3.802069902420044,3.802069902420044,3206370.0,3.802069902420044,0.06305073391129598,53.352148802101894,67.25849237862168,3.8790095113014265,3.5671187394285857,
2016-08-26,3.801919937133789,3.8473498821258545,3.792370080947876,3.8263800144195557,3.8263800144195557,2392690.0,3.8263800144195557,0.06345387494825046,58.93567749103718,59.269475004978574,3.881527872033458,3.569749780550395,
2016-08-27,3.8249399662017822,3.830590009689331,3.7265400886535645,3.736769914627075,3.736769914627075,6505780.0,3.736769914627075,0.061967846889117696,38.354095513145914,50.21397393542832,3.8832763961104098,3.572025067838904,
2016-08-28,3.7360799312591553,3.757110118865967,3.731689929962158,3.7398300170898438,3.7398300170898438,2380150.0,3.7398300170898438,0.06201859338012737,39.05693760175056,45.44890353531121,3.885063008532498,3.5743903284203515,
2016-08-29,3.7376599311828613,3.785830020904541,3.7376599311828613,3.7595200538635254,3.7595200538635254,2610000.0,3.7595200538635254,0.062345118483869116,41.95693457261594,39.78932256250413,3.8867988560369104,3.576886547428288,
2016-08-30,3.767519950866699,3.8237900733947754,3.753309965133667,3.8040599822998047,3.8040599822998047,2315030.0,3.8040599822998047,0.06308373593392612,51.2176841360142,44.07718543679355,3.8887548668137013,3.579522136139543,
2016-08-31,3.80607008934021,3.813570022583008,3.781059980392456,3.7974400520324707,3.7974400520324707,1678550.0,3.7974400520324707,0.06297395587398263,48.88663486657042,47.353751191733515,3.8907465061854793,3.5822000268387466,
2016-09-01,3.7956299781799316,3.852260112762451,3.790450096130371,3.83201003074646,3.83201003074646,2241890.0,3.83201003074646,0.06354723900268774,57.392818403303515,52.4990458019627,3.893298364076458,3.5850399174102363,
2016-09-02,3.836750030517578,3.8368000984191895,3.809190034866333,3.8245699405670166,3.8245699405670166,1984050.0,3.8245699405670166,0.06342385801332678,55.471173488132855,53.916875586002256,3.896036287474502,3.588304108789522,
2016-09-03,3.8270199298858643,3.9072399139404297,3.806849956512451,3.8887500762939453,3.8887500762939453,2484220.0,3.8887500762939453,0.06448817423158826,71.01893117248395,61.29430768797343,3.899525467815295,3.591557890095123,
2016-09-04,3.8931000232696533,4.040319919586182,3.8807899951934814,4.014440059661865,4.014440059661865,4834060.0,4.014440059661865,0.06657252457233336,94.0615260217181,73.51721022744495,3.9040188020695754,3.5945576164820423,
2016-09-05,4.02154016494751,4.033559799194336,3.9658401012420654,3.9791901111602783,3.9791901111602783,4245990.0,3.9791901111602783,0.0659879653242391,83.93096753127513,83.00380824182571,3.9081583661459836,3.597108630611472,
2016-09-06,3.9842400550842285,3.9872899055480957,3.9519200325012207,3.9723598957061768,3.9723598957061768,1699160.0,3.9723598957061768,0.06587469804925311,78.34149388186809,85.4446624782871,3.9120086933094296,3.599646876609489,
2016-09-07,3.9891300201416016,4.126530170440674,3.947849988937378,3.9698801040649414,3.9698801040649414,1988370.0,3.9698801040649414,0.06583357500655801,60.836512326546185,74.36965791322979,3.915919404212243,3.6021742742355554,
2016-09-08,3.969449996948242,4.007110118865967,3.9571499824523926,3.988339900970459,3.988339900970459,2425520.0,3.988339900970459,0.06613969871617353,65.45157598588527,68.20986073143317,3.91979093369239,3.605090493372042,
2016-09-09,3.9837100505828857,3.9860401153564453,3.959350109100342,3.9699900150299072,3.9699900150299072,1450080.0,3.9699900150299072,0.0658353976892503,60.86399074912975,62.38402635385373,3.9235201142524763,3.6078867402795245,
2016-09-10,3.972219944000244,3.9779601097106934,3.9567201137542725,3.968980073928833,3.968980073928833,661652.0,3.968980073928833,0.06581864956802574,60.097760977730545,62.137775904248514,3.926712901214433,3.6106580283543837,
2016-09-11,3.9685299396514893,3.9935100078582764,3.8534998893737793,3.855449914932251,3.855449914932251,2100480.0,3.855449914932251,0.06393594882092891,30.29030557190504,50.41735243292177,3.9298018080289245,3.6134796717395523,
2016-09-12,3.87034010887146,3.87034010887146,3.7910799980163574,3.8231899738311768,3.8231899738311768,2454330.0,3.8231899738311768,0.06340097365883017,18.723533105617165,36.37053321841757,3.93262033254071,3.6162392609739955,
2016-09-13,3.8317999839782715,3.8494999408721924,3.8095200061798096,3.8217101097106934,3.8217101097106934,2219650.0,3.8217101097106934,0.06337643267950044,11.766609823140952,20.260149500221043,3.935451972680014,3.618916137904337,
2016-09-14,3.818809986114502,3.8472700119018555,3.818809986114502,3.832159996032715,3.832159996032715,1322330.0,3.832159996032715,0.0635497259168167,12.410703011161859,14.300281979973315,3.938328366461999,3.621680439335026,
2016-09-15,3.830049991607666,3.8433899879455566,3.8017001152038574,3.811919927597046,3.811919927597046,1793220.0,3.811919927597046,0.06321407949209644,6.212526119774268,10.129946318025683,3.9410744312682437,3.6244446584623153,
2016-09-16,3.8153700828552246,3.825279951095581,3.802069902420044,3.806190013885498,3.806190013885498,1663730.0,3.806190013885498,0.06311905881282605,4.504399493951585,7.709209541629227,3.9438001145430603,3.6269099189810556,
2016-09-17,3.8002800941467285,3.820739984512329,3.7965900897979736,3.805419921875,3.805419921875,1568340.0,3.805419921875,0.0631062881727044,4.274829777253409,4.997251796993077,3.9472733924949104,3.629234466814015,
2016-09-18,3.8101999759674072,4.092229843139648,3.806879997253418,4.043399810791016,4.043399810791016,1727830.0,4.043399810791016,0.06705277180856097,75.21826891640251,27.999166062535824,3.9520009866829127,3.632439452654695,
2016-09-19,4.0426201820373535,4.199059963226318,3.8225600719451904,3.831160068511963,3.831160068511963,1606420.0,3.831160068511963,0.06353314385345132,9.824029097845246,29.772375930500377,3.9554196211809667,3.63513731564561,
2016-09-20,3.829360008239746,3.8585898876190186,3.8236100673675537,3.8420701026916504,3.8420701026916504,2263260.0,3.8420701026916504,0.06371406784477215,12.498188397327711,32.51349547052515,3.9589232278000464,3.6379946858915564,
2016-09-21,3.8692100048065186,3.8692100048065186,3.76173996925354,3.840369939804077,3.840369939804077,3853090.0,3.840369939804077,0.06368587359254074,17.97996241521753,13.434059970130152,3.9622327903580796,3.6407226856440715,
2016-09-22,3.8565099239349365,3.8622000217437744,3.7675700187683105,3.7675700187683105,3.7675700187683105,1445220.0,3.7675700187683105,0.062478613187605045,1.3331312528860524,10.603760688477086,3.9651003861036456,3.643193973253851,
2016-09-23,3.765199899673462,3.820499897003174,3.7607500553131104,3.8129100799560547,3.8129100799560547,1572350.0,3.8129100799560547,0.0632304994513612,11.900261367870518,10.404451678658024,3.9683146489773944,3.6456129596657947,
2016-09-24,3.8147199153900146,3.835439920425415,3.798680067062378,3.8051400184631348,3.8051400184631348,2118420.0,3.8051400184631348,0.06310164646016483,10.127529026520271,7.786973882425605,3.9714625728586332,3.6481123571526513,
2016-09-25,3.7960100173950195,3.813730001449585,3.77620005607605,3.808379888534546,3.808379888534546,1540650.0,3.808379888534546,0.06315537408512241,10.866702386035723,10.96483092680883,3.9746200035178596,3.6506370145980624,
2016-09-26,3.799989938735962,3.8671300411224365,3.7957398891448975,3.8587400913238525,3.8587400913238525,2148250.0,3.8587400913238525,0.06399051068894088,22.35633606305466,14.450189158536874,3.9776535555313193,3.6533427133952103,
2016-09-27,3.856839895248413,3.8737599849700928,3.8423399925231934,3.8522400856018066,3.8522400856018066,1734250.0,3.8522400856018066,0.06388271936954884,20.87336577087203,18.03213473998746,3.9808676542480135,3.6554781659008704,
2016-09-28,3.8505799770355225,3.8742499351501465,3.8324599266052246,3.8376100063323975,3.8376100063323975,1905040.0,3.8376100063323975,0.06364010488354753,17.535526720173195,20.25507618469995,3.9842079819225873,3.657855206972932,
2016-09-29,3.837830066680908,3.862070083618164,3.833019971847534,3.8456099033355713,3.8456099033355713,1674200.0,3.8456099033355713,0.06377276929798763,19.360695820561848,19.25652943720235,3.987629839631378,3.660145152105044,
2016-09-30,3.8445000648498535,3.852479934692383,3.8195300102233887,3.841599941253662,3.841599941253662,2104930.0,3.841599941253662,0.06370627103290841,18.44582668128078,18.44734974067193,3.9908239919631208,3.662445645136376,
2016-10-01,3.847759962081909,3.856610059738159,3.8387999534606934,3.849220037460327,3.849220037460327,1426340.0,3.849220037460327,0.06383263710997582,20.184344581308252,19.330289027716947,3.9941533367490507,3.664790905338444,
2016-10-02,3.846290111541748,3.8760900497436523,3.8155999183654785,3.8423099517822266,3.8423099517822266,1373630.0,3.8423099517822266,0.06371804532587505,18.607814926525982,19.079328729704997,3.997323828316777,3.667016192658307,
2016-10-03,3.8501501083374023,3.853019952774048,3.8252899646759033,3.837970018386841,3.837970018386841,1207110.0,3.837970018386841,0.06364607505896043,66.9498585074343,35.24733933842284,4.000467489325935,3.6692726585963,
2016-10-04,3.8389101028442383,3.8389101028442383,3.8197100162506104,3.8230299949645996,3.8230299949645996,1116870.0,3.8230299949645996,0.06339832068684206,53.9968290782209,46.518167504060386,4.003595576260259,3.671483727024026,
2016-10-05,3.832119941711426,3.85125994682312,3.825890064239502,3.843130111694336,3.843130111694336,1394850.0,3.843130111694336,0.06373164625529253,71.42366946344448,64.12345234969989,4.006827707499103,3.673393864174412,
2016-10-06,3.8463900089263916,3.860059976577759,3.8289101123809814,3.8465399742126465,3.8465399742126465,1415940.0,3.8465399742126465,0.0637881929100974,74.38002691356034,66.6001751517419,4.010055084697536,3.6755526588387686,
2016-10-07,3.838520050048828,3.8636200428009033,3.8327300548553467,3.8622899055480957,3.8622899055480957,1596220.0,3.8622899055480957,0.06404937820001552,86.1846580534598,77.32945147682153,4.013426504499925,3.677739672464867,
2016-10-08,3.8639700412750244,3.8658699989318848,3.8368101119995117,3.83804988861084,3.83804988861084,1544210.0,3.83804988861084,0.06364739956807522,61.91794619649664,74.16087705450559,4.01680235133145,3.6797398913396546,
2016-10-09,3.844680070877075,3.8508899211883545,3.8093700408935547,3.8151299953460693,3.8151299953460693,1239070.0,3.8151299953460693,0.06326731289723507,24.13200677718664,57.411537009047684,4.020075192216967,3.6816827408254964,
2016-10-10,3.8232100009918213,3.831439971923828,3.783600091934204,3.7951700687408447,3.7951700687408447,1420790.0,3.7951700687408447,0.06293631213881293,12.50944111195032,32.85313136187786,4.0231800014204016,3.68346391899945,
2016-10-11,3.803999900817871,3.837290048599243,3.7867300510406494,3.8163299560546875,3.8163299560546875,2025380.0,3.8163299560546875,0.06328721216402523,35.38747870110922,24.009642196748715,4.026319673152569,3.6853245486951853,
2016-10-12,3.8204400539398193,3.8277699947357178,3.756239891052246,3.758510112762451,3.758510112762451,3154520.0,3.758510112762451,0.06232837036264457,1.8942166910688139,16.597045501376105,4.029058417335886,3.6869102203682678,
2016-10-13,3.7464499473571777,3.924989938735962,3.745579957962036,3.9065699577331543,3.9065699577331543,3798640.0,3.9065699577331543,0.0647836860532513,89.73302325581395,42.338239549330645,4.032707106220267,3.6889989598156654,
2016-10-14,3.91198992729187,3.9170498847961426,3.8857600688934326,3.897599935531616,3.897599935531616,2142390.0,3.897599935531616,0.06463493379526478,84.73328903654485,58.786842994475855,4.036302679874858,3.69117076756203,
2016-10-15,3.900360107421875,3.9141299724578857,3.8699100017547607,3.8724300861358643,3.8724300861358643,1664980.0,3.8724300861358643,0.06421753550497325,70.70405315614619,81.72345514950165,4.039546395911545,3.6932668770829293,
2016-10-16,3.8825700283050537,3.9083800315856934,3.8776700496673584,3.8854498863220215,3.8854498863220215,2160150.0,3.8854498863220215,0.06443344630571712,77.96106312292359,77.7994684385382,4.0428886361460865,3.695496766861171,
2016-10-17,3.892240047454834,3.9156999588012695,3.8571300506591797,3.91048002243042,3.91048002243042,1716740.0,3.91048002243042,0.06484852769349739,91.91242524916944,80.1925138427464,4.046455357244106,3.6979287944427908,
2016-10-18,3.9541499614715576,4.232120037078857,3.8305599689483643,3.8395800590515137,3.8395800590515137,1790400.0,3.8395800590515137,0.06367277479045932,19.320114647103416,63.06453433973213,4.049729619521261,3.7000975889702366,
2016-10-19,3.846179962158203,3.8556299209594727,3.7840399742126465,3.804140090942383,3.804140090942383,2243800.0,3.804140090942383,0.06308506439679946,12.036034746951655,41.08952488107482,4.052565521229812,3.7020470135832486,
2016-10-20,3.8079700469970703,3.8186800479888916,3.7703499794006348,3.7790000438690186,3.7790000438690186,2417550.0,3.7790000438690186,0.0626681603263269,6.868927626198304,12.741692340084443,4.055301150337595,3.7039753698322873,
2016-10-21,3.7902700901031494,3.8281400203704834,3.7607600688934326,3.805459976196289,3.805459976196289,2881980.0,3.805459976196289,0.06310695240414106,12.30731460868517,10.404092327278361,4.057809674674696,3.705867999873749,
2016-10-22,3.809689998626709,3.913640022277832,3.7993500232696533,3.8854598999023438,3.8854598999023438,3858130.0,3.8854598999023438,0.0644336123635763,28.74993200852454,15.975391414469323,4.060903609124689,3.707988328149874,
2016-10-23,3.8937199115753174,3.9414501190185547,3.8919200897216797,3.9177799224853516,3.9177799224853516,3927550.0,3.9177799224853516,0.06496958387283003,35.39276041470145,25.483335677303703,4.064091094856054,3.710229204778802,
2016-10-24,3.9202001094818115,3.9202001094818115,3.867140054702759,3.8688600063323975,3.8688600063323975,2999400.0,3.8688600063323975,0.06415833192442173,25.338107519146646,29.8269333141242,4.065386340917786,3.7124293967469097,
2016-10-25,3.8713300228118896,3.9173600673675537,3.8690199851989746,3.904409885406494,3.904409885406494,3154970.0,3.904409885406494,0.06474786500077387,32.64477774015447,31.12521522466751,4.065892843600831,3.714621122569254,
2016-10-26,3.9114201068878174,3.97189998626709,3.8953800201416016,3.96028995513916,3.96028995513916,5418040.0,3.96028995513916,0.06567453902257879,44.12997127942071,34.0376188462406,4.065425574453802,3.7169930131468054,
2016-10-27,3.9602699279785156,4.063899993896484,3.9556000232696533,4.021500110626221,4.021500110626221,6216070.0,4.021500110626221,0.06668960327056309,55.316543476644476,44.0304308320732,4.066145739268736,3.7195155614042936,
2016-10-28,4.03587007522583,4.036809921264648,3.9538700580596924,3.973220109939575,3.973220109939575,4260230.0,3.973220109939575,0.06588896321010726,45.0738406708659,48.17345180897701,4.067155138390963,3.720038876468188,
2016-10-29,3.9765100479125977,4.102530002593994,3.972100019454956,4.090310096740723,4.090310096740723,5732580.0,4.090310096740723,0.0678306975261379,69.91472549439133,56.768369880633884,4.0686672150763,3.720117315527511,
2016-10-30,4.095950126647949,4.097149848937988,4.023359775543213,4.03400993347168,4.03400993347168,4364420.0,4.03400993347168,0.06689705698176508,57.970528475331896,57.653031546863026,4.070712351408161,3.720746575316338,
2016-10-31,4.037079811096191,4.053699970245361,3.983720064163208,3.993959903717041,3.993959903717041,3893350.0,3.993959903717041,0.06623289671275163,49.47383116163815,59.11969504378711,4.072290274614844,3.7208415338437852,
2016-11-01,3.9986000061035156,4.14601993560791,3.9910600185394287,4.088329792022705,4.088329792022705,4714890.0,4.088329792022705,0.06779785760760838,85.02565448169037,64.15667137288679,4.074519890905078,3.7206317529286426,
2016-11-02,4.0908098220825195,4.130990028381348,4.053719997406006,4.104499816894531,4.104499816894531,3646100.0,4.104499816894531,0.06806600942009443,89.22282794014717,74.57410452782521,4.076506720214594,3.719302163711966,
2016-11-03,4.112979888916016,4.182909965515137,3.8149099349975586,3.861330032348633,3.861330032348633,5883490.0,3.861330032348633,0.06403346036808681,23.82328273914578,66.02392172032775,4.07713262240092,3.7182915067019526,
2016-11-04,3.855710029602051,3.888849973678589,3.8229598999023438,3.878890037536621,3.878890037536621,3481430.0,3.878890037536621,0.06432466259292863,20.73731000200775,44.594473560433556,4.078034480412801,3.718064794801686,
2016-11-05,3.878509998321533,3.927500009536743,3.851830005645752,3.866689920425415,3.866689920425415,2318820.0,3.866689920425415,0.06412234481408514,14.070647047237973,19.543746596130486,4.078278086875957,3.7189378901703716,
2016-11-06,3.8602800369262695,3.920759916305542,3.839010000228882,3.8892500400543213,3.8892500400543213,2192880.0,3.8892500400543213,0.06449646526327094,20.201113829313044,18.336356959519573,4.077927267616563,3.7197334518171337,
2016-11-07,3.8883299827575684,3.8883299827575684,3.788710117340088,3.838870048522949,3.838870048522949,2806430.0,3.838870048522949,0.0636610004974927,12.724492770628174,15.665417882393049,4.077384809327256,3.720883588921534,
2016-11-08,3.836970090866089,3.8572700023651123,3.8173999786376953,3.8427600860595703,3.8427600860595703,2493340.0,3.8427600860595703,0.06372551002202045,13.711311399460746,15.545639333133975,4.076217214917876,3.722105890430816,
2016-11-09,3.8460299968719482,3.9386401176452637,3.814769983291626,3.864609956741333,3.864609956741333,2894790.0,3.864609956741333,0.06408785222448106,19.25415236779618,15.229985512628353,4.0764656301404605,3.7241592054497707,
2016-11-10,3.8585400581359863,3.8686399459838867,3.8136000633239746,3.82423996925354,3.82423996925354,2334820.0,3.82423996925354,0.06341838601149138,9.013157178506756,13.99287364858788,4.076148525613253,3.7265012603916534,
2016-11-11,3.8364100456237793,3.841130018234253,3.8020598888397217,3.816009998321533,3.816009998321533,2124360.0,3.816009998321533,0.06328190622004899,6.925391044118946,11.730900196807278,4.075925628995635,3.7279733422684345,
2016-11-12,3.8143699169158936,3.826630115509033,3.75246000289917,3.7638800144195557,3.7638800144195557,2592430.0,3.7638800144195557,0.06241742086650206,2.653040425647405,6.1971962160910214,4.0750414764946274,3.7294470133846755,
2016-11-13,3.7661800384521484,3.9100399017333984,3.6919400691986084,3.878000020980835,3.878000020980835,3344370.0,3.878000020980835,0.06430990321225553,37.89640733131094,15.82494626702575,4.074319509860596,3.73131931448636,
2016-11-14,3.878890037536621,3.8932900428771973,3.857990026473999,3.8761699199676514,3.8761699199676514,2525810.0,3.8761699199676514,0.06427955416161353,37.52365514692778,26.024367634628693,4.073297925334159,3.733539506180646,
2016-11-15,3.8888299465179443,3.957279920578003,3.8641600608825684,3.893589973449707,3.893589973449707,3032290.0,3.893589973449707,0.06456843553018556,41.07174508334721,38.83060252052863,4.072680767768068,3.7354686567228135,
2016-11-16,3.9004600048065186,4.030320167541504,3.8962900638580322,4.019480228424072,4.019480228424072,4232760.0,4.019480228424072,0.06665610702811399,66.71288029730823,48.43609350919439,4.072879403015303,3.7377083830637474,
2016-11-17,4.055570125579834,4.072869777679443,3.93789005279541,3.943190097808838,3.943190097808838,3120160.0,3.943190097808838,0.06539096755174155,65.95705796017486,57.913894446943424,4.07255137031847,3.739784219167004,
2016-11-18,3.958620071411133,4.002999782562256,3.9439198970794678,3.961319923400879,3.961319923400879,2650960.0,3.961319923400879,0.06569161925952167,70.71642043267501,67.79545289671937,4.073250440951905,3.74205191755948,
2016-11-19,3.977370023727417,3.980910062789917,3.940619945526123,3.9537999629974365,3.9537999629974365,2048720.0,3.9537999629974365,0.06556691376104591,68.74231333731814,68.47193057672267,4.073648200009038,3.7443484378187626,
2016-11-20,3.9657399654388428,3.9728798866271973,3.901240110397339,3.9219400882720947,3.9219400882720947,2680300.0,3.9219400882720947,0.06503857300579674,60.37859845343565,66.61244407447624,4.073470331932026,3.746462602484716,
2016-11-21,3.9321200847625732,3.957740068435669,3.9177799224853516,3.9448800086975098,3.9448800086975098,1999840.0,3.9448800086975098,0.06541899179235523,66.4006859710778,65.17386592061051,4.073553283357881,3.748676437874363,
2016-11-22,3.952199935913086,3.972630023956299,3.914489984512329,3.947309970855713,3.947309970855713,2347880.0,3.947309970855713,0.06545928849951305,67.03858900255675,64.60595780902338,4.073439185085192,3.750931807740094,
2016-11-23,3.968869924545288,3.9706599712371826,3.9162099361419678,3.9253199100494385,3.9253199100494385,2184200.0,3.9253199100494385,0.06509462148702412,61.26585447524151,64.90170981629201,4.073296615986225,3.7531715059933597,
2016-11-24,3.932110071182251,3.9468700885772705,3.892319917678833,3.9076900482177734,3.9076900482177734,2089790.0,3.9076900482177734,0.06480226081092669,56.63774030111376,61.64739459297065,4.072542681720088,3.754714656855962,
2016-11-25,3.912909984588623,3.9212300777435303,3.893120050430298,3.9154200553894043,3.9154200553894043,2211790.0,3.9154200553894043,0.06493044957068637,58.66698795482355,58.856860910392925,4.071629840819562,3.755555972007856,
2016-11-26,3.920609951019287,3.928499937057495,3.879189968109131,3.89451003074646,3.89451003074646,1782340.0,3.89451003074646,0.06458369308443615,53.17777979452162,56.16083601681962,4.068313885256241,3.756421451699244,
2016-11-27,3.9079198837280273,3.921600103378296,3.878890037536621,3.882930040359497,3.882930040359497,1631940.0,3.882930040359497,0.06439165903158535,11.606497934583494,41.15042189464287,4.063845307449174,3.757408684900362,
2016-11-28,3.897739887237549,3.912480115890503,3.877729892730713,3.88454008102417,3.88454008102417,1726410.0,3.88454008102417,0.06441835876308424,9.764768240970902,24.849681990025317,4.059883121584282,3.757997205812637,
2016-11-29,3.892509937286377,3.9008100032806396,3.868849992752075,3.8745501041412354,3.8745501041412354,2436960.0,3.8745501041412354,0.06425269232601401,2.793901283245357,8.055055819599898,4.055531647687402,3.7586912605860463,
2016-11-30,3.887809991836548,3.9184999465942383,3.882349967956543,3.8937900066375732,3.8937900066375732,1857280.0,3.8937900066375732,0.06457175273361034,12.224311428608155,8.260993650941453,4.051397220684531,3.759948493356574,
2016-12-01,3.909450054168701,3.9185500144958496,3.8949499130249023,3.9090800285339355,3.9090800285339355,1985600.0,3.9090800285339355,0.06482531122328246,29.98889214719238,15.002368286348613,4.046851263671625,3.761501452040999,
2016-12-02,3.919219970703125,3.961329936981201,3.9167299270629883,3.9464399814605713,3.9464399814605713,2559070.0,3.9464399814605713,0.06544486123455828,69.2396396703077,37.15094774870273,4.042651207720647,3.7630602189939317,
2016-12-03,3.9495999813079834,3.9548699855804443,3.9136900901794434,3.9240000247955322,3.9240000247955322,1805780.0,3.9240000247955322,0.0650727334796825,53.01363866588134,50.74739016112712,4.037531153100436,3.76460046572228,
2016-12-04,3.9323599338531494,3.945120096206665,3.896470069885254,3.8996100425720215,3.8996100425720215,1908090.0,3.8996100425720215,0.06466826793361324,29.63966137128548,50.6309799024915,4.032567054196134,3.7656303013840766,
2016-12-05,3.8844399452209473,3.922650098800659,3.327810049057007,3.5285799503326416,3.5285799503326416,11106200.0,3.5285799503326416,0.05851537747676538,31.135806750867328,37.929702262678035,4.025548856766497,3.7657823013932736,
2016-12-06,3.4890499114990234,3.5577199459075928,3.488879919052124,3.535409927368164,3.535409927368164,3007340.0,3.535409927368164,0.05862864079799282,32.29367713184102,31.023048417997927,4.017768802538596,3.7654816712418646,
2016-12-07,3.5410799980163574,3.6307098865509033,3.5138099193573,3.615950107574463,3.615950107574463,2537240.0,3.615950107574463,0.05996425997430595,45.482401422563434,36.30396176842391,4.011458256205574,3.765287233378789,
2016-12-08,3.6027801036834717,3.732069969177246,3.6027801036834717,3.6910998821258545,3.6910998821258545,2683090.0,3.6910998821258545,0.06121048862352615,57.3446611532925,45.0402465692323,4.0056819173156235,3.7653476989432555,
2016-12-09,3.6910901069641113,3.7137999534606934,3.681770086288452,3.6914799213409424,3.6914799213409424,1758140.0,3.6914799213409424,0.06121679091465737,57.40464967493673,53.410570750264206,4.000208474247834,3.7654231509117233,
2016-12-10,3.694890022277832,3.7027499675750732,3.6391899585723877,3.680269956588745,3.680269956588745,2093810.0,3.680269956588745,0.06103089309507865,55.635176456198785,56.79482909480932,3.9938711507724283,3.764995260108007,
2016-12-11,3.687969923019409,3.688380002975464,3.632050037384033,3.6379599571228027,3.6379599571228027,1948170.0,3.6379599571228027,0.060329255148754674,48.95661746027265,53.99881453046938,3.9863519160473935,3.765081917749692,
2016-12-12,3.6407299041748047,3.66729998588562,3.6156198978424072,3.6623098850250244,3.6623098850250244,2465660.0,3.6623098850250244,0.06073305646338726,52.800210750138774,52.464001555536726,3.977219292374908,3.765179369547596,
2016-12-13,3.6654999256134033,3.7049601078033447,3.648560047149658,3.650279998779297,3.650279998779297,1962750.0,3.650279998779297,0.060533561668149605,50.90131436582085,50.88604752541074,3.9682573255945424,3.765277205428032,
2016-12-14,3.657259941101074,3.657259941101074,3.5866899490356445,3.6195600032806396,3.6195600032806396,2618560.0,3.6195600032806396,0.0600241238325356,46.05221711027689,49.91791407541216,3.959599074118776,3.7646903286241504,
2016-12-15,3.6128900051116943,3.6545400619506836,3.59594988822937,3.6244699954986572,3.6244699954986572,2679340.0,3.6244699954986572,0.060105547536147066,46.8272507456227,47.926927407240136,3.950772243770745,3.7644863559775157,
2016-12-16,3.627150058746338,3.6503400802612305,3.6144399642944336,3.6281800270080566,3.6281800270080566,1625780.0,3.6281800270080566,0.06016707197296839,47.901318591069476,46.92692881565634,3.93966508563099,3.764179999860999,
2016-12-17,3.6298699378967285,3.705889940261841,3.606519937515259,3.697499990463257,3.697499990463257,2559210.0,3.697499990463257,0.06131662331808506,59.88723869200591,51.53860267623268,3.9293056876281574,3.764017095957717,
2016-12-18,3.703890085220337,3.712519884109497,3.6648099422454834,3.676949977874756,3.676949977874756,1951490.0,3.676949977874756,0.060975837007247735,58.69475819057774,55.49443849121769,3.9190160707046426,3.763897452289111,
2016-12-19,3.6772100925445557,3.6797900199890137,3.6473400592803955,3.6626200675964355,3.6626200675964355,2274070.0,3.6626200675964355,0.06073820030326287,71.44212867875214,63.341375187111915,3.9084632839661477,3.7642440279869183,
2016-12-20,3.6598598957061768,3.662139892578125,3.643019914627075,3.661060094833374,3.661060094833374,2335510.0,3.661060094833374,0.060712330861059816,67.46547322679909,65.8674533653763,3.8995371646568424,3.7647984668000105,
2016-12-21,3.664520025253296,3.6947100162506104,3.646440029144287,3.6534500122070312,3.6534500122070312,2913250.0,3.6534500122070312,0.060586130841851576,45.921071620681964,61.60955784207772,3.893153010821733,3.7654393437790543,
2016-12-22,3.6656100749969482,3.745699882507324,3.6571600437164307,3.7116799354553223,3.7116799354553223,3657740.0,3.7116799354553223,0.061551773107940966,78.6051435220171,63.997229456499376,3.8920654690330796,3.7658053986013753,
2016-12-23,3.715859889984131,4.655330181121826,3.709630012512207,4.655330181121826,4.655330181121826,15539100.0,4.655330181121826,0.07720057548976385,100.0,74.842071714233,3.896463394165039,3.76857616607457,
2016-12-24,4.646490097045898,4.77200984954834,4.416309833526611,4.551539897918701,4.551539897918701,19773600.0,4.551539897918701,0.0754793936870166,81.3999620242369,86.66836851541798,3.897952137097635,3.771115316756784,
2016-12-25,4.555449962615967,4.568009853363037,4.221749782562256,4.347219944000244,4.347219944000244,11363100.0,4.347219944000244,0.07209110168347373,64.1624252352164,81.85412908648442,3.8985759078479205,3.7736435354572455,
2016-12-26,4.3465399742126465,4.473529815673828,4.277160167694092,4.355480194091797,4.355480194091797,7603100.0,4.355480194091797,0.07222808360225218,64.8593046251583,70.14056396153718,3.9001123579473442,3.776044714287536,
2016-12-27,4.368569850921631,4.575960159301758,4.327779769897461,4.469399929046631,4.469399929046631,9294450.0,4.469399929046631,0.07411724479082231,74.4701898305412,67.83063989697195,3.902022465982072,3.7787936733193592,
2016-12-28,4.487569808959961,4.666659832000732,4.487569808959961,4.57135009765625,4.57135009765625,10319300.0,4.57135009765625,0.07580791148506835,82.93796587828338,74.08915344466094,3.9045945438530927,3.7817281664234317,
2016-12-29,4.578859806060791,4.628359794616699,4.509210109710693,4.555480003356934,4.555480003356934,9352850.0,4.555480003356934,0.07554473350084022,81.42155981310113,79.60990517397522,3.907291811020648,3.7847318374947325,
2016-12-30,4.562489986419678,4.564839839935303,4.287370204925537,4.390520095825195,4.390520095825195,11912800.0,4.390520095825195,0.07280915958906248,67.26786308620434,77.2091295925296,3.908368423336842,3.7872259473147456,
2016-12-31,4.392330169677734,4.4037699699401855,4.286930084228516,4.325290203094482,4.325290203094482,9210720.0,4.325290203094482,0.07172743497189835,60.43191948518022,69.70711412816189,3.9087472222541852,3.7894624135265613,
2017-01-01,4.32912015914917,4.5215301513671875,4.328710079193115,4.511590003967285,4.511590003967285,11337500.0,4.511590003967285,0.07481689399659484,76.93337756822285,68.21105337986911,3.9083191892488407,3.7922279749831107,
2017-01-02,4.520450115203857,4.737659931182861,4.4846601486206055,4.648940086364746,4.648940086364746,14595300.0,4.648940086364746,0.07709460685306409,89.09912662842503,75.48814122727602,3.9104812106148144,3.7954221398863073,
2017-01-03,4.655879974365234,4.731840133666992,4.5648698806762695,4.626200199127197,4.626200199127197,10055700.0,4.626200199127197,0.07671750526993039,87.0457036269149,84.35940260785425,3.910949191109079,3.798520250189794,
2017-01-04,4.633749961853027,4.837850093841553,4.633749961853027,4.837850093841553,4.837850093841553,13762400.0,4.837850093841553,0.08022735162638339,100.0,92.04827675177997,3.9130561312691112,3.8022686886460813,
2017-01-05,4.914370059967041,4.945859909057617,4.226870059967041,4.292719841003418,4.292719841003418,19196000.0,4.292719841003418,0.07118731201616543,47.16677942514008,78.07082768401831,3.912097112728598,3.804567756391551,
2017-01-06,4.3024001121521,4.351650238037109,3.8413500785827637,3.861259937286377,3.861259937286377,11063700.0,3.861259937286377,0.06403229796307265,1.802596785856907,49.65645873699898,3.9107276051422284,3.805272194457381,
2017-01-07,3.8633899688720703,3.9558799266815186,3.6135900020599365,3.9558799266815186,3.9558799266815186,14628400.0,3.9558799266815186,0.06560140635065001,25.692235696664874,24.887203969220604,3.9092848170650463,3.8063324680067088,
2017-01-08,3.959120035171509,4.015570163726807,3.8970301151275635,3.994580030441284,3.994580030441284,11728600.0,3.994580030441284,0.06624318043874433,28.59706027886817,18.69729758712997,3.908364105745743,3.8075215365788706,
2017-01-09,3.9969799518585205,4.359389781951904,3.9296998977661133,4.301959991455078,4.301959991455078,11165200.0,4.301959991455078,0.07134054388259091,51.668958803280994,35.31941825960467,3.909468640395201,3.8096180843980343,
2017-01-10,4.300920009613037,4.682449817657471,4.2911200523376465,4.591509819030762,4.591509819030762,15157900.0,4.591509819030762,0.07614222549315672,73.40252991036955,51.222849664172884,3.912234048374364,3.8124533992924103,
2017-01-11,4.5971598625183105,4.6362199783325195,3.7962698936462402,3.846790075302124,3.846790075302124,21863300.0,3.846790075302124,0.063792340402818,17.503966127082496,47.52515161357767,3.9105592412375363,3.8134208241554157,
2017-01-12,3.836709976196289,4.02131986618042,3.780280113220215,3.9628000259399414,3.9628000259399414,13690900.0,3.9628000259399414,0.06571616419260995,26.211657416098404,39.0393844845168,3.909598859932905,3.81475446779434,
2017-01-13,3.9484798908233643,3.9601099491119385,3.8013598918914795,3.8908700942993164,3.8908700942993164,7720620.0,3.8908700942993164,0.06452333105262899,20.81260642329157,21.509409988824142,3.908191265304232,3.8159185226649455,
2017-01-14,3.892580032348633,3.946039915084839,3.8718600273132324,3.9005300998687744,3.9005300998687744,3999180.0,3.9005300998687744,0.06468352548786382,21.537685141854475,22.853982993748136,3.9067746537630677,3.8183945505586387,
2017-01-15,3.888780117034912,3.9519600868225098,3.876199960708618,3.925839900970459,3.925839900970459,9341360.0,3.925839900970459,0.06510324463442513,23.437435407828815,21.929242324324942,3.905644435048755,3.8206929063143797,
2017-01-16,3.9220399856567383,3.95740008354187,3.873300075531006,3.9025399684906006,3.9025399684906006,8159260.0,3.9025399684906006,0.06471685567245375,21.688545610237753,22.221222053307002,3.904074216800961,3.8230938650157356,
2017-01-17,3.9056999683380127,3.945319890975952,3.8516199588775635,3.9390499591827393,3.9390499591827393,4816480.0,3.9390499591827393,0.06532231053449317,24.428980600202756,23.184987206089758,3.9029312107732386,3.8255324677245257,
2017-01-18,3.9422500133514404,3.9511001110076904,3.783989906311035,3.838200092315674,3.838200092315674,4321020.0,3.838200092315674,0.06364989043596271,16.859203159658872,20.992243123366446,3.9012319768061405,3.827781125290753,
2017-01-19,3.841900110244751,3.9283900260925293,3.810760021209717,3.860610008239746,3.860610008239746,4090650.0,3.860610008239746,0.064021520017261,23.110608386162948,21.466264048674844,3.8997868944386966,3.829074495132655,
2017-01-20,3.859179973602295,3.909450054168701,3.8430800437927246,3.890010118484497,3.890010118484497,3427180.0,3.890010118484497,0.06450906984553341,25.86121326584169,21.943674937221157,3.8985288612178115,3.8309080025921127,
2017-01-21,3.8925700187683105,3.9186201095581055,3.8907101154327393,3.904510021209717,3.904510021209717,2717700.0,3.904510021209717,0.06474952557936554,13.77012632750648,20.913982659837025,3.8977978229522705,3.83317633132412,
2017-01-22,3.902479887008667,3.9173800945281982,3.824280023574829,3.842940092086792,3.842940092086792,2630830.0,3.842940092086792,0.0637284951097269,6.945475841007365,15.525605144785166,3.8966280958040165,3.8352022491089284,
2017-01-23,3.8561298847198486,3.862109899520874,3.821850061416626,3.8357601165771484,3.8357601165771484,2725110.0,3.8357601165771484,0.06360942767094573,6.149619421275093,8.955073863262966,3.8953444345401285,3.8369961124576935,
2017-01-24,3.8352699279785156,3.8416099548339844,3.7842800617218018,3.786099910736084,3.786099910736084,2629220.0,3.786099910736084,0.06278589930223473,0.6799306532013842,4.591675305161266,3.8940004989749095,3.8388010985230747,
2017-01-25,3.791330099105835,3.802000045776367,3.688620090484619,3.7145299911499023,3.7145299911499023,6863540.0,3.7145299911499023,0.061599036337666696,7.787772207268798,4.872440760581744,3.8926031758876447,3.8403345506485196,
2017-01-26,3.714440107345581,3.8417201042175293,3.7063798904418945,3.834320068359375,3.834320068359375,5817220.0,3.834320068359375,0.06358554696929411,53.66682152012231,20.71150812686415,3.8919388596477402,3.841832824602519,
2017-01-27,3.840100049972534,3.863909959793091,3.8055899143218994,3.85588002204895,3.85588002204895,5049680.0,3.85588002204895,0.06394308140135599,62.229308685451215,41.227967470947426,3.8913276026157733,3.8438484956140386,
2017-01-28,3.853529930114746,3.8671600818634033,3.8365299701690674,3.852950096130371,3.852950096130371,3305270.0,3.852950096130371,0.06389449366251547,61.139225348052285,59.01178518454193,3.8901008830044437,3.8458801942328886,
2017-01-29,3.852440118789673,3.8592000007629395,3.8383500576019287,3.852099895477295,3.852099895477295,2804420.0,3.852099895477295,0.0638803945595205,60.82290691846772,61.39714698399039,3.888954926058243,3.8479933444767784,
2017-01-30,3.8562300205230713,4.021249771118164,3.855959892272949,4.021249771118164,4.021249771118164,10192700.0,4.021249771118164,0.0666854518240839,100.0,73.98737742217332,3.888995524964046,3.85064838487808,
2017-01-31,4.016499996185303,4.100979804992676,4.016499996185303,4.078639984130859,4.078639984130859,15799800.0,4.078639984130859,0.0676371689525546,94.58244341631003,85.13511677825923,3.8901715903985696,3.853391946505194,
2017-02-01,4.076039791107178,4.131659984588623,4.030580043792725,4.075329780578613,4.075329780578613,7753930.0,4.075329780578613,0.0675822749688243,87.285523322018,93.955988912776,3.89255273667841,3.8561301923777958,
2017-02-02,4.075150012969971,4.090929985046387,4.016940116882324,4.085269927978516,4.085269927978516,5175450.0,4.085269927978516,0.06774711507035726,89.52914687199312,90.46570453677369,3.8945529552105347,3.8589733156439374,
2017-02-03,4.081630229949951,4.107349872589111,4.04019021987915,4.082560062408447,4.082560062408447,8548470.0,4.082560062408447,0.06770217665065988,88.91749415039143,88.57738811480084,3.896378693033437,3.8614932883275697,
2017-02-04,4.08450984954834,4.096560001373291,4.0154500007629395,4.058000087738037,4.058000087738037,6926300.0,4.058000087738037,0.06729489207474333,83.37398102724937,87.2735406832113,3.898176289647003,3.8640154531557265,
2017-02-05,4.065110206604004,4.070479869842529,4.01885986328125,4.042920112609863,4.042920112609863,4635400.0,4.042920112609863,0.06704481684635516,79.9702299590366,84.08723504555911,3.89972131760394,3.866601535718735,
2017-02-06,4.057980060577393,4.079380035400391,4.0405402183532715,4.044010162353516,4.044010162353516,4972300.0,4.044010162353516,0.06706289343045305,80.2162686923784,81.18682655955479,3.9011622478401726,3.8692263309269737,
2017-02-07,4.05348014831543,4.078750133514404,4.0391998291015625,4.040369987487793,4.040369987487793,6570650.0,4.040369987487793,0.06700252744488734,79.3946327823472,79.86037714458739,3.9025549250222293,3.871906358248567,
2017-02-08,4.049739837646484,4.080430030822754,3.9704999923706055,4.023169994354248,4.023169994354248,7016980.0,4.023169994354248,0.06671729539545843,74.48975587440869,78.03355244971142,3.903994379147806,3.8744861393758696,
2017-02-09,4.0296502113342285,4.083059787750244,3.7139699459075928,3.7985899448394775,3.7985899448394775,21297300.0,3.7985899448394775,0.06299302485147695,20.259041656606268,58.04781010445404,3.904410608479234,3.876413098426714,
2017-02-10,3.8010900020599365,3.810879945755005,3.6984798908233643,3.777209997177124,3.777209997177124,7918280.0,3.777209997177124,0.06263847550712154,18.17491327208211,37.64123693436567,3.9046020833520942,3.8783352629779135,
2017-02-11,3.7772200107574463,3.8045599460601807,3.766979932785034,3.793100118637085,3.793100118637085,3340840.0,3.793100118637085,0.06290198560706801,21.84316158004149,20.09237216957661,3.9050597336774318,3.8802016467264253,
2017-02-12,3.795870065689087,3.795870065689087,3.745919942855835,3.7643699645996094,3.7643699645996094,2706320.0,3.7643699645996094,0.06242554584032558,15.210780625563808,18.409618492562455,3.905332738584508,3.881940496131165,
2017-02-13,3.7682299613952637,3.769479990005493,3.7039899826049805,3.7178900241851807,3.7178900241851807,4721650.0,3.7178900241851807,0.06165475665693427,4.480846105623403,13.84492943707622,3.9057025753083776,3.8833303595242437,
2017-02-14,3.715290069580078,3.7732601165771484,3.707129955291748,3.7708001136779785,3.7708001136779785,3994400.0,3.7708001136779785,0.062532178708462,16.695186112084997,12.128937614424055,3.9067611551024224,3.884942113536678,
2017-02-15,3.7691800594329834,3.816279888153076,3.7555999755859375,3.8092799186706543,3.8092799186706543,2683590.0,3.8092799186706543,0.06317029952365467,27.099085965858567,16.091706061188976,3.9076986404064575,3.886586688969233,
2017-02-16,3.796760082244873,3.819780111312866,3.7797300815582275,3.7868099212646484,3.7868099212646484,3991580.0,3.7868099212646484,0.06279767359520137,21.603452046007842,21.799241374650453,3.908722519223156,3.888081976485579,
2017-02-17,3.7783799171447754,3.8394699096679688,3.774169921875,3.830359935760498,3.830359935760498,4001350.0,3.830359935760498,0.06351987503975218,33.129021380884474,27.27718646425028,3.909942409379886,3.8896680858037245,
2017-02-18,3.828000068664551,3.828000068664551,3.7781999111175537,3.791029930114746,3.791029930114746,3209270.0,3.791029930114746,0.06286765512156454,24.065230666224437,26.26590136437224,3.910963939187305,3.8911427158198943,
2017-02-19,3.7925798892974854,3.793639898300171,3.744719982147217,3.7622599601745605,3.7622599601745605,2701490.0,3.7622599601745605,0.06239055507714399,16.584348235790074,24.592866760966313,3.9117655780146032,3.891976332337889,
2017-02-20,3.7686500549316406,3.784440040588379,3.749619960784912,3.767659902572632,3.767659902572632,3128060.0,3.767659902572632,0.06248010375457899,17.988462814118638,19.546013905377702,3.912599402047246,3.8928075372356257,
2017-02-21,3.763619899749756,3.7977700233459473,3.757270097732544,3.7832798957824707,3.7832798957824707,4110740.0,3.7832798957824707,0.06273913424608651,22.050035801853017,18.87428228392056,3.913288035679385,3.8936284960132754,
2017-02-22,3.7875800132751465,3.841130018234253,3.7811200618743896,3.805219888687134,3.805219888687134,4547610.0,3.805219888687134,0.06310297096927961,27.7549603389862,22.597819651652603,3.9126021875058368,3.8947470985046806,
2017-02-23,3.8000400066375732,3.8472299575805664,3.7963600158691406,3.8429501056671143,3.8429501056671143,4096480.0,3.8429501056671143,0.06372866116758608,97.12278992086911,48.97592868723609,3.9125360673893996,3.8960295095835646,
2017-02-24,3.8309199810028076,3.8801300525665283,3.816009998321533,3.846719980239868,3.846719980239868,6921090.0,3.846719980239868,0.06379117799780384,81.03210000203036,68.63661675396187,3.912780056885683,3.8973478656925566,
2017-02-25,3.852220058441162,3.859910011291504,3.8145599365234375,3.8261098861694336,3.8261098861694336,3581200.0,3.8261098861694336,0.06344939533981152,69.33113151999567,82.49534048096503,3.9127785807750266,3.8984692900148157,
2017-02-26,3.815880060195923,3.8474199771881104,3.7970399856567383,3.8267199993133545,3.8267199993133545,2688250.0,3.8267199993133545,0.06345951300794503,69.67751104854592,73.34691419019065,3.9132701112924377,3.8996030983859544,
2017-02-27,3.813430070877075,3.8291499614715576,3.7969799041748047,3.8027400970458984,3.8027400970458984,3766590.0,3.8027400970458984,0.06306184792658451,55.2659468175272,64.75819646202292,3.9136138822211595,3.9005918110886664,
2017-02-28,3.803689956665039,3.816279888153076,3.7641398906707764,3.7709898948669434,3.7709898948669434,4045440.0,3.7709898948669434,0.06253532590026907,19.40026516372011,48.114574343264394,3.913676558947954,3.901481892964611,
2017-03-01,3.7730600833892822,3.8144099712371826,3.7611899375915527,3.7988998889923096,3.7988998889923096,4405000.0,3.7988998889923096,0.06299816473759402,40.011726363718,38.22597944832176,3.9136483617167657,3.902484440476927,
2017-03-02,3.795289993286133,4.111030101776123,3.777740001678467,3.9242300987243652,3.9242300987243652,9439480.0,3.9242300987243652,0.06507654885668478,49.00495699081498,36.138982839417686,3.914341203501967,3.9040165228386448,
2017-03-03,3.9212899208068848,3.9966800212860107,3.898020029067993,3.9208199977874756,3.9208199977874756,7515680.0,3.9208199977874756,0.06501999824812137,48.074024222606376,45.69690252571311,3.9148265038683117,3.9056529339045696,
2017-03-04,3.911910057067871,3.9224600791931152,3.859260082244873,3.884000062942505,3.884000062942505,3361400.0,3.884000062942505,0.06440940349996488,38.02244964905338,45.03381028749157,3.9151512586353907,3.9073892900388536,
2017-03-05,3.863100051879883,3.901560068130493,3.8363499641418457,3.901560068130493,3.901560068130493,2836910.0,3.901560068130493,0.06470060572480671,42.04090868310086,42.71246085158686,3.9152212585907815,3.909332852167626,
2017-03-06,3.8722400665283203,3.9265999794006348,3.862149953842163,3.9214000701904297,3.9214000701904297,4393810.0,3.9214000701904297,0.06502961774267739,46.395853285230864,42.15307053912836,3.9147128433477683,3.9112499759621815,
2017-03-07,3.894040107727051,3.9092600345611572,3.8013501167297363,3.8214800357818604,3.8214800357818604,5619560.0,3.8214800357818604,0.06337261730249816,17.233612478668825,35.22345814900017,3.913851039657176,3.912767044485432,
2017-03-08,3.80757999420166,3.817270040512085,3.7465600967407227,3.7760000228881836,3.7760000228881836,4594400.0,3.7760000228881836,0.06261841018247222,8.077461997072017,23.902309253657222,3.912778034887679,3.9141965787704676,
2017-03-09,3.766390085220337,3.8444700241088867,3.762809991836548,3.8384199142456055,3.8384199142456055,3092100.0,3.8384199142456055,0.06365353580134729,25.203670051246224,16.838248175662343,3.9120596731946766,3.9157269072859253,
2017-03-10,3.828279972076416,3.879420042037964,3.729480028152466,3.7521700859069824,3.7521700859069824,7090150.0,3.7521700859069824,0.06222323201524064,5.946809953153617,13.075980667157275,3.9107691277571717,3.916999839103385,
2017-03-11,3.7588000297546387,3.8366000652313232,3.7501299381256104,3.7980000972747803,3.7980000972747803,3463740.0,3.7980000972747803,0.06298324325282031,17.95834252410586,16.36960750950189,3.909829292141023,3.9181321679729306,
2017-03-12,3.786600112915039,3.8610401153564453,3.784250020980835,3.8425700664520264,3.8425700664520264,3373750.0,3.8425700664520264,0.06372235887645483,29.639632152477883,17.848261543245773,3.909138527072844,3.9196455655032643,
2017-03-13,3.847440004348755,4.245510101318359,3.8324201107025146,4.170539855957031,4.170539855957031,22439100.0,4.170539855957031,0.06916116890881685,85.47172940883493,44.35656802847288,3.9108603300292635,3.9220103322643123,
2017-03-14,4.173810005187988,4.173810005187988,4.005710124969482,4.055190086364746,4.055190086364746,7928910.0,4.055190086364746,0.06724829307645427,63.11842567895668,59.40992908008982,3.9121280902070428,3.924069702461974,
2017-03-15,4.046860218048096,4.1803998947143555,4.0024800300598145,4.16087007522583,4.16087007522583,6571900.0,4.16087007522583,0.0690008123694814,83.5978501072128,77.39600173166814,3.913981423351934,3.9264124151778548,
2017-03-16,4.14730978012085,4.383709907531738,4.100550174713135,4.237100124359131,4.237100124359131,12755200.0,4.237100124359131,0.07026495549869886,77.59047885252359,74.76891821289767,3.9161942109384174,3.9289540865649917,
2017-03-17,4.233170032501221,4.233170032501221,4.0368499755859375,4.055099964141846,4.055099964141846,11109600.0,4.055099964141846,0.06724679855572177,49.7714864839749,70.31993848123709,3.917523063597132,3.9310026070843005,
2017-03-18,4.040520191192627,4.1574602127075195,3.8606700897216797,3.9676198959350586,3.9676198959350586,12199700.0,3.9676198959350586,0.06579609337548892,36.40002929987511,54.58733154545785,3.918405194100135,3.933188387465804,
2017-03-19,3.9565000534057617,4.0271100997924805,3.8998498916625977,3.9564099311828613,3.9564099311828613,6013050.0,3.9564099311828613,0.06561019555591019,34.686569687967264,40.28602849060574,3.9192302761182107,3.935320332278944,
2017-03-20,3.9504799842834473,4.045420169830322,3.8899500370025635,4.0333099365234375,4.0333099365234375,4068240.0,4.0333099365234375,0.06688544874665762,46.440848690561616,39.17581589280132,3.9191751401932513,3.9375881678437534,
2017-03-21,4.036369800567627,4.041059970855713,3.9819300174713135,4.009220123291016,4.009220123291016,4970080.0,4.009220123291016,0.06648596098260481,42.758685281076545,41.295367886535125,3.920148145957071,3.939802715876331,
2017-03-22,3.9873499870300293,4.007050037384033,3.893549919128418,3.936490058898926,3.936490058898926,5949960.0,3.936490058898926,0.06527985902892472,31.641787890040924,40.28044062055968,3.9206641020019197,3.9417253735947284,
2017-03-23,3.9317400455474854,4.002490043640137,3.922139883041382,3.980030059814453,3.980030059814453,3354160.0,3.980030059814453,0.06600189441561637,38.29694111490398,37.56580476200713,3.9214272720566212,3.9437451819850975,
2017-03-24,3.973069906234741,4.13070011138916,3.9384100437164307,4.083960056304932,4.083960056304932,12524300.0,4.083960056304932,0.06772539312087482,52.68950003142137,40.87607634545541,3.9231561793655647,3.946099319196727,
2017-03-25,4.073470115661621,4.118919849395752,3.967439889907837,4.070620059967041,4.070620059967041,7904680.0,4.070620059967041,0.06750417242239617,47.77134307249245,46.25259473960592,3.924564430622455,3.948404935941304,
2017-03-26,4.066150188446045,4.09876012802124,4.027090072631836,4.060739994049072,4.060739994049072,3911060.0,4.060739994049072,0.06734032866801822,41.41558299459797,47.292142032837255,3.9259611518005206,3.9506793740677506,
2017-03-27,4.066390037536621,4.14346981048584,4.043580055236816,4.07528018951416,4.07528018951416,5162690.0,4.07528018951416,0.06758145258704558,41.03131205020722,43.406079372432536,3.927419623390573,3.9527935661681712,
2017-03-28,4.069680213928223,4.177149772644043,4.060359954833984,4.155680179595947,4.155680179595947,4297870.0,4.155680179595947,0.06891474695333036,56.402988802929,46.28329461591139,3.929042246823754,3.955236361124744,
2017-03-29,4.142370223999023,4.202010154724121,4.093910217285156,4.1859002113342285,4.1859002113342285,8479960.0,4.1859002113342285,0.06941589375726169,62.18075766664782,53.205019506594674,3.930865526199341,3.9578653204930974,
2017-03-30,4.178909778594971,7.044079780578613,4.145120143890381,6.980629920959473,6.980629920959473,191251008.0,6.980629920959473,0.1157616379960554,98.00685850139318,72.19686832365666,3.9480404984104176,3.9681700327625014,
2017-03-31,7.018730163574219,7.074540138244629,5.8548197746276855,6.667059898376465,6.667059898376465,98922600.0,6.667059898376465,0.11056162311893387,87.32119738147358,82.50293784983818,3.96345825794616,3.9775124706634104,
2017-04-01,6.653160095214844,6.984220027923584,6.3110198974609375,6.883520126342773,6.883520126342773,57711700.0,6.883520126342773,0.11415124050792379,94.00173944435257,93.10993177573977,3.9800807726187784,3.9874948547311027,
2017-04-02,6.862919807434082,7.944149971008301,6.648819923400879,7.744500160217285,7.744500160217285,88560400.0,7.744500160217285,0.1284291008345336,95.07548186964345,92.13280623182318,4.0013664563496905,3.999775375732004,
2017-04-03,7.744619846343994,8.63582992553711,7.242119789123535,8.070579528808594,8.070579528808594,114179000.0,8.070579528808594,0.13383656151534004,88.08061953396596,92.38594694932063,4.024471754584807,4.012947703061038,
2017-04-04,8.118430137634277,8.962369918823242,7.526430130004883,8.289360046386719,8.289360046386719,129208000.0,8.289360046386719,0.13746465688255408,86.72255332647356,89.95955157669431,4.048796290256938,4.026752552267623,
2017-04-05,8.24728012084961,11.422499656677246,7.961209774017334,11.093999862670898,11.093999862670898,217834000.0,11.093999862670898,0.18397474304930325,95.62021284417528,90.14112856820492,4.088528366036754,4.048238442042103,
2017-04-06,11.123100280761719,11.453800201416016,9.66454029083252,10.251700401306152,10.251700401306152,194300000.0,10.251700401306152,0.1700066676127277,84.00482510042009,88.78253042368964,4.123547875816054,4.067404936437738,
2017-04-07,10.22350025177002,10.56029987335205,9.190919876098633,9.371560096740723,9.371560096740723,94765600.0,9.371560096740723,0.15541106743387778,72.18621575728285,83.93708456729273,4.153739242605824,4.084189155656998,
2017-04-08,9.336039543151855,10.351200103759766,9.331339836120605,9.916210174560547,9.916210174560547,58489100.0,9.916210174560547,0.16444314417437286,79.29648525130754,78.49584203633681,4.186820774130482,4.102534197454583,
2017-04-09,9.888790130615234,10.012299537658691,8.427260398864746,8.709850311279297,8.709850311279297,90963296.0,8.709850311279297,0.14443775850468815,62.97073722497255,71.48447941118764,4.213442634363643,4.117585293887413,
2017-04-10,8.720999717712402,9.20125961303711,8.185079574584961,8.91703987121582,8.91703987121582,74425696.0,8.91703987121582,0.147873637946158,65.68903993816771,69.31875413814925,4.241321923302823,4.133174471659203,
2017-04-11,8.911620140075684,9.275870323181152,8.663229942321777,8.853830337524414,8.853830337524414,50700000.0,8.853830337524414,0.14682541747896002,64.67379445212406,64.44452387175475,4.268964875591257,4.1485499793536045,
2017-04-12,8.831009864807129,11.061599731445312,8.831009864807129,10.785599708557129,10.785599708557129,159255008.0,10.785599708557129,0.1788604614726144,90.85743954312446,73.74009131113873,4.307048316861763,4.1691754034120745,
2017-04-13,10.764399528503418,10.772199630737305,9.931879997253418,10.149499893188477,10.149499893188477,64187400.0,10.149499893188477,0.1683118494720025,76.70468176693184,77.41197192072677,4.341971758284855,4.1881086636896,
2017-04-14,10.130900382995605,10.506199836730957,9.682680130004883,10.390000343322754,10.390000343322754,61137000.0,10.390000343322754,0.17230013224326649,79.31469370225398,82.29227167077006,4.377400339626875,4.207698774337769,
2017-04-15,10.342100143432617,11.002099990844727,10.19789981842041,10.794599533081055,10.794599533081055,47922000.0,10.794599533081055,0.1790097079504199,86.28088711724605,80.76675419547728,4.415088862017855,4.2282899236025875,
2017-04-16,10.745499610900879,10.90369987487793,10.66510009765625,10.714900016784668,10.714900016784668,24321400.0,10.714900016784668,0.17768802972675968,82.45592940825362,82.68383674258452,4.452479408086975,4.248676444406379,
2017-04-17,10.59570026397705,11.179800033569336,10.387800216674805,10.421600341796875,10.421600341796875,104055000.0,10.421600341796875,0.17282416340169443,73.71778465357954,80.81820039302637,4.488196077242575,4.268303376681184,
2017-04-18,10.418899536132812,10.94219970703125,9.971209526062012,10.320099830627441,10.320099830627441,83183296.0,10.320099830627441,0.1711409534960767,67.53984200681194,74.57118535621503,4.523221322096111,4.287699841799801,
2017-04-19,10.313799858093262,10.34749984741211,9.589019775390625,9.658080101013184,9.658080101013184,55784900.0,9.658080101013184,0.16016250468076995,45.06351856249828,62.10704840762991,4.555016404292623,4.305159869259351,
2017-04-20,9.634750366210938,10.66349983215332,9.588919639587402,10.33489990234375,10.33489990234375,55828300.0,10.33489990234375,0.1713863870119253,71.78701174960003,61.46345743963673,4.590703616376783,4.32449280072565,
2017-04-21,10.291500091552734,11.536700248718262,10.162699699401855,11.227800369262695,11.227800369262695,99012200.0,11.227800369262695,0.1861935923484564,90.78356683262061,69.21136571490628,4.6314074432915024,4.346085678387994,
2017-04-22,11.176600456237793,13.06820011138916,11.107399940490723,13.064599990844727,13.064599990844727,158914000.0,13.064599990844727,0.21665372779073822,99.92627418231233,87.49895092151098,4.682003836814172,4.372785212895642,
2017-04-23,13.065299987792969,14.406299591064453,12.953800201416016,13.93910026550293,13.93910026550293,198452000.0,13.93910026550293,0.2311557978572917,92.49022982109696,94.40002361200995,4.7369417623092565,4.401838994352785,
2017-04-24,13.96399974822998,14.965499877929688,13.331299781799316,14.965499877929688,14.965499877929688,60177200.0,14.965499877929688,0.24817685494216674,100.0,97.47216800113642,4.797311816710592,4.432890144766193,
2017-04-25,14.978699684143066,15.43019962310791,14.243599891662598,15.212800025939941,15.212800025939941,56668300.0,15.212800025939941,0.2522778989073221,96.70566228385063,96.39863070164917,4.859300559987136,4.46412598074299,
2017-04-26,15.205900192260742,15.788000106811523,14.555800437927246,14.848099708557129,14.848099708557129,71308800.0,14.848099708557129,0.24622997678626046,84.83806746462074,93.8479099161571,4.9191021437202,4.493721321837543,
2017-04-27,14.843600273132324,15.003499984741211,13.474499702453613,14.621999740600586,14.621999740600586,76208000.0,14.621999740600586,0.2424805010315126,81.19075284833237,87.57816086560122,4.977362852930371,4.523124855511809,
2017-04-28,14.593099594116211,14.78380012512207,14.05620002746582,14.341500282287598,14.341500282287598,41067800.0,14.341500282287598,0.23782890409556523,76.66589694758952,80.89823908684752,5.0337562964913625,4.552037184858976,
2017-04-29,14.397000312805176,15.766900062561035,14.362000465393066,15.74209976196289,15.74209976196289,45713600.0,15.74209976196289,0.26105541685723155,99.2595620416396,85.7054039458538,5.098067114261982,4.584718005951137,
2017-04-30,15.703100204467773,16.07270050048828,15.467599868774414,15.705599784851074,15.705599784851074,43929100.0,15.705599784851074,0.2604501280530513,94.33816898638673,90.08787599187194,5.161538642612311,4.617720334170616,
2017-05-01,15.708100318908691,16.365800857543945,14.875699996948242,15.917699813842773,15.917699813842773,66989400.0,15.917699813842773,0.2639674391056497,93.38779846821205,95.66184316541278,5.226476838679913,4.651179237888284,
2017-05-02,15.922699928283691,16.231000900268555,15.154399871826172,15.895000457763672,15.895000457763672,38692100.0,15.895000457763672,0.26359100966146976,93.0528456285643,93.59293769438769,5.291509847171971,4.68464414322213,
2017-05-03,15.875200271606445,21.801799774169922,15.667400360107422,21.042600631713867,21.042600631713867,253440992.0,21.042600631713867,0.3489550290454611,93.78361914560782,93.40808774746138,5.384156135913453,4.732046035217913,
2017-05-04,21.04450035095215,25.689599990844727,20.85569953918457,23.393600463867188,23.393600463867188,242912000.0,23.393600463867188,0.387942283001063,85.21276311510223,90.68307596309144,5.48956105748161,4.785872913386724,
2017-05-05,23.471200942993164,27.846599578857422,23.41629981994629,26.26689910888672,26.26689910888672,218948992.0,26.26689910888672,0.4355909567404652,90.562867376586,89.85308321243201,5.6119958611785385,4.847662088968982,
2017-05-06,26.466800689697266,28.587099075317383,25.486299514770508,28.159799575805664,28.159799575805664,108083000.0,28.159799575805664,0.4669814273849708,97.26673491655006,91.01412180274609,5.74467842696143,4.914340690717305,
2017-05-07,28.201499938964844,31.368600845336914,28.201499938964844,30.291099548339844,30.291099548339844,187718000.0,30.291099548339844,0.5023253402803837,94.02626095111735,93.95195441475113,5.889074107988285,4.986498634782556,
2017-05-08,30.372400283813477,30.738100051879883,27.328399658203125,28.958200454711914,28.958200454711914,132650000.0,28.958200454711914,0.480221520981993,86.52963693801605,92.60754426856114,6.026062908068381,5.0550467458489825,
2017-05-09,28.964399337768555,33.76060104370117,24.489200592041016,33.58300018310547,33.58300018310547,251516992.0,33.58300018310547,0.5569158018741913,99.12451950422535,93.22680579778624,6.188599138312001,5.135941459054816,
2017-05-10,33.298099517822266,37.3286018371582,31.216800689697266,31.962099075317383,31.962099075317383,410465984.0,31.962099075317383,0.530035968765752,77.50280965707252,87.71898869977129,6.342256728417235,5.213045429203608,
2017-05-11,32.657100677490234,32.90589904785156,28.028799057006836,30.71769905090332,30.71769905090332,206136992.0,30.71769905090332,0.5093997530116436,71.59337983111995,82.74023633080593,6.488994920188612,5.286567152362981,
2017-05-12,30.931299209594727,31.67959976196289,27.36949920654297,27.45490074157715,27.45490074157715,110569000.0,27.45490074157715,0.4552919030016774,57.00843613840198,68.70154187553146,6.618124214026446,5.351219482944436,
2017-05-13,27.218900680541992,28.91200065612793,25.523099899291992,28.91200065612793,28.91200065612793,83564400.0,28.91200065612793,0.4794553774648999,62.51441688504897,63.70541095152362,6.7552607749980655,5.419675156188338,
2017-05-14,29.09000015258789,30.4507999420166,27.78860092163086,28.89299964904785,28.89299964904785,67853200.0,28.89299964904785,0.4791402787233722,62.429790821053764,60.65088128150156,6.8925783686299145,5.487847429432281,
2017-05-15,28.894500732421875,28.93280029296875,25.186800003051758,25.365299224853516,25.365299224853516,97147904.0,25.365299224853516,0.42063948666190365,46.048553941158474,56.997587215753725,7.009995304170202,5.546209564600906,
2017-05-16,25.337600708007812,25.337600708007812,22.809999465942383,23.327699661254883,23.327699661254883,136875008.0,23.327699661254883,0.38684943250733467,35.36414777944454,47.94749751388557,7.116287816417673,5.599144276527509,
2017-05-17,23.242399215698242,25.949399948120117,20.795400619506836,25.404399871826172,25.404399871826172,141118000.0,25.404399871826172,0.42128790306436464,27.877234370066358,36.429978696889776,7.233833225698419,5.657832687195033,
2017-05-18,25.1653995513916,29.005300521850586,25.115299224853516,28.35759925842285,28.35759925842285,115830000.0,28.35759925842285,0.4702615919996447,45.739470168925145,36.326950772812,7.366828411654696,5.724557013707618,
2017-05-19,28.287099838256836,28.41189956665039,26.78019905090332,27.697500228881836,27.697500228881836,96923800.0,27.697500228881836,0.4593149946632296,41.746903811985916,38.45453611699246,7.496633385048538,5.789938137629261,
2017-05-20,27.681299209594727,28.15690040588379,27.195100784301758,27.506000518798828,27.506000518798828,59065000.0,27.506000518798828,0.4561393041645229,40.588630180872315,42.69166805392778,7.625292841853991,5.854664138898458,
2017-05-21,27.476200103759766,28.7367000579834,25.734399795532227,26.298200607299805,26.298200607299805,104882000.0,26.298200607299805,0.4361100377931866,33.28333040499142,38.53962146594987,7.747393391822857,5.915879784544853,
2017-05-22,26.14150047302246,27.504899978637695,23.270999908447266,25.381000518798828,25.381000518798828,164828992.0,25.381000518798828,0.4208998653850773,27.735704894199564,33.86922182668775,7.864656017126282,5.97465047117782,
2017-05-23,25.303499221801758,32.112098693847656,24.932899475097656,32.112098693847656,32.112098693847656,216875008.0,32.112098693847656,0.5325234522359344,68.4483175723934,43.15578429052812,8.018575244913988,6.0517570704629975,
2017-05-24,32.121700286865234,35.16450119018555,31.711700439453125,34.453399658203125,34.453399658203125,196292000.0,34.453399658203125,0.5713498672936574,95.05117576089988,63.74506607583094,8.185275188560695,6.135324165265854,
2017-05-25,34.46900177001953,36.214900970458984,28.87380027770996,29.90019989013672,29.90019989013672,687651008.0,29.90019989013672,0.4958429475396047,59.047304149953625,74.18226582774896,8.327214423424559,6.206158521077405,
2017-05-26,30.32509994506836,31.315799713134766,22.556100845336914,23.748300552368164,23.748300552368164,484254016.0,23.748300552368164,0.3938243686734367,19.15042553683646,57.74963514922998,8.43563306005926,6.260037509055987,
2017-05-27,23.403099060058594,25.43079948425293,20.097900390625,23.735300064086914,23.735300064086914,505424000.0,23.735300064086914,0.39360877812713546,22.56871342433979,33.58881437037661,8.543938415298046,6.312733317727912,
2017-05-28,24.007400512695312,26.072799682617188,22.10849952697754,24.220600128173828,24.220600128173828,377039008.0,24.220600128173828,0.40165663784386574,25.579819998934905,22.432986320037042,8.65500994588508,6.36621255156112,
2017-05-29,24.324899673461914,25.687999725341797,23.282699584960938,25.212499618530273,25.212499618530273,219796000.0,25.212499618530273,0.4181055702512913,31.73418777625903,26.627573733177893,8.771564970902407,6.4226587968329865,
2017-05-30,25.318899154663086,26.134599685668945,24.030799865722656,24.142000198364258,24.142000198364258,216944000.0,24.142000198364258,0.40035319435464545,25.092136639861774,27.468714805018553,8.88226147427585,6.476004359493517,
2017-05-31,24.293500900268555,25.57270050048828,23.18429946899414,25.29759979248047,25.29759979248047,298675008.0,25.29759979248047,0.4195168090136622,32.26220273492743,29.696175717016065,8.999327319567321,6.532572057149181,
2017-06-01,25.343900680541992,29.61989974975586,25.298200607299805,28.80340003967285,28.80340003967285,420472992.0,28.80340003967285,0.47765442462961566,54.01439061769596,37.122909997495036,9.135445407179535,6.598496467773228,
2017-06-02,28.897300720214844,29.888200759887695,27.743000030517578,28.944700241088867,28.944700241088867,332251008.0,28.944700241088867,0.47999764335776773,54.89110586453174,47.05589973905169,9.272252075007705,6.664879070569391,
2017-06-03,29.036300659179688,29.16939926147461,26.626100540161133,27.660999298095703,27.660999298095703,290556000.0,27.660999298095703,0.45870969004401513,46.92621849833431,51.943904993520654,9.401839830836312,6.727344904207204,
2017-06-04,27.650299072265625,27.939300537109375,26.945499420166016,27.939300537109375,27.939300537109375,204435008.0,27.939300537109375,0.4633248333261169,48.65297427795431,50.15676621360677,9.533070981176824,6.790718220358025,
2017-06-05,28.09000015258789,30.992900848388672,28.09000015258789,30.843299865722656,30.843299865722656,366900992.0,30.843299865722656,0.5114826246466905,66.67121107225486,54.08346794951448,9.680304258898959,6.862034356757386,
2017-06-06,30.840700149536133,31.33169937133789,29.25790023803711,30.551000595092773,30.551000595092773,321099008.0,30.551000595092773,0.5066353482925078,64.85760270770832,60.06059601930582,9.827967759689997,6.932148988932779,
2017-06-07,30.568700790405273,30.684900283813477,28.37420082092285,28.394699096679688,28.394699096679688,264596992.0,28.394699096679688,0.4708768284603408,51.4785531275333,61.00245563583215,9.963810869904815,6.996872054714046,
2017-06-08,28.38129997253418,30.342599868774414,27.8799991607666,30.21190071105957,30.21190071105957,229004992.0,30.21190071105957,0.5010119649496817,90.03187913366723,68.78934498963628,10.109143933311838,7.066635700774519,
2017-06-09,30.187299728393555,30.58930015563965,29.62339973449707,29.68160057067871,29.68160057067871,176840992.0,29.68160057067871,0.49221785702888987,85.31130204935833,75.60724477018627,10.251168527238356,7.1350972913715935,
2017-06-10,29.684499740600586,30.58880043029785,29.66189956665039,30.441699981689453,30.441699981689453,202679008.0,30.441699981689453,0.5048227872221162,90.35042713302326,88.56453610534959,10.3973445931419,7.205238934738995,
2017-06-11,30.500900268554688,33.560699462890625,30.159500122070312,33.21630096435547,33.21630096435547,406217984.0,33.21630096435547,0.5508347314414332,96.68094427028898,90.78089115089017,10.558743669687074,7.282505567759683,
2017-06-12,33.230499267578125,33.230499267578125,27.802200317382812,29.50349998474121,29.50349998474121,372663008.0,29.50349998474121,0.48926436776078264,60.89973901800331,82.64370347377182,10.700085418471874,7.348724526575167,
2017-06-13,29.491600036621094,30.642900466918945,29.332000732421875,30.642900466918945,30.642900466918945,150455008.0,30.642900466918945,0.5081593482487701,71.88043061478005,76.48703796769077,10.847520339684408,7.41818365136238,
2017-06-14,30.73900032043457,32.062801361083984,29.3169002532959,30.224700927734375,30.224700927734375,278323008.0,30.224700927734375,0.5012242343387996,59.6248230291863,64.13499755398988,10.992735754596731,7.486733462059335,
2017-06-15,30.21540069580078,30.374799728393555,27.312700271606445,30.22010040283203,30.22010040283203,314502016.0,30.22010040283203,0.5011479426137881,51.82707612535265,61.11077658977299,11.138093898856575,7.555172696178906,
2017-06-16,30.27910041809082,35.70050048828125,29.55389976501465,35.70050048828125,35.70050048828125,515972992.0,35.70050048828125,0.5920308712246382,100.0,70.48396638484631,11.313372754008393,7.637473272950682,
2017-06-17,36.18389892578125,49.299598693847656,36.18389892578125,47.64590072631836,47.64590072631836,1730780032.0,47.64590072631836,0.7901246125819483,92.60226078768353,81.47644563767871,11.553906746900799,7.752685960351604,
2017-06-18,47.44219970703125,47.44219970703125,42.42580032348633,46.04159927368164,46.04159927368164,1016220032.0,46.04159927368164,0.7635200559589048,85.18208727034309,92.59478268600886,11.785295267574122,7.863594588841478,
2017-06-19,46.1619987487793,53.55099868774414,44.987098693847656,50.320899963378906,50.320899963378906,1342360064.0,50.320899963378906,0.8344848346287524,87.68937423785613,88.49124076529425,12.040180240172505,7.986134643424047,
2017-06-20,50.409000396728516,51.46910095214844,45.750301361083984,47.216400146484375,47.216400146484375,612934976.0,47.216400146484375,0.7830020905166325,75.85743388998232,82.90963179939384,12.278179038417795,8.100989054980344,
2017-06-21,47.29520034790039,49.72829818725586,44.21580123901367,47.787498474121094,47.787498474121094,640054016.0,47.787498474121094,0.7924727656007726,78.0340168321348,80.5269416533244,12.519307116993138,8.218703433912093,
2017-06-22,47.71879959106445,48.85169982910156,45.86989974975586,47.71289825439453,47.71289825439453,445323008.0,47.71289825439453,0.7912356503650139,77.74969877711688,77.21371649974465,12.76006912924553,8.338709456300082,
2017-06-23,47.747798919677734,48.423500061035156,47.27389907836914,47.33549880981445,47.33549880981445,284270016.0,47.33549880981445,0.7849771352484602,76.31134542586464,77.36502034503876,12.998450653149131,8.45784641226677,
2017-06-24,47.246700286865234,47.44329833984375,44.011600494384766,44.491798400878906,44.491798400878906,321214016.0,44.491798400878906,0.7378192969106868,65.47336971633256,73.17813797310468,13.216136271836328,8.568018188868484,
2017-06-25,44.490699768066406,46.215301513671875,43.054298400878906,43.924400329589844,43.924400329589844,354372000.0,43.924400329589844,0.7284099841592673,63.31088927537496,68.36520147252405,13.431288514632344,8.676761559917502,
2017-06-26,44.0369987487793,44.34519958496094,37.549598693847656,41.13180160522461,41.13180160522461,538072000.0,41.13180160522461,0.6820995786144076,52.6676734689427,60.4839774868834,13.632297157589855,8.778288934655386,
2017-06-27,41.13130187988281,41.38850021362305,36.199501037597656,40.541500091552734,40.541500091552734,565265024.0,40.541500091552734,0.6723104520014881,50.417902907187006,55.46548855050154,13.830034971237183,8.878074276937197,
2017-06-28,40.816001892089844,43.61370086669922,39.17770004272461,42.8494987487793,42.8494987487793,353444000.0,42.8494987487793,0.710584606064725,59.21419991022376,54.09992542878448,14.039762287192007,8.984235479407115,
2017-06-29,42.830101013183594,42.830101013183594,40.352901458740234,41.06529998779297,41.06529998779297,300131008.0,41.06529998779297,0.6809967646491294,47.969966119008625,52.534022978806455,14.23918277839494,9.085614711944372,
2017-06-30,41.042999267578125,41.746700286865234,40.17399978637695,40.35430145263672,40.35430145263672,251184000.0,40.35430145263672,0.6692060873070521,24.01323527828987,43.73246710250741,14.434804753527615,9.184685400740742,
2017-07-01,40.40409851074219,40.57830047607422,38.47159957885742,38.98820114135742,38.98820114135742,225507008.0,38.98820114135742,0.6465516834078011,16.071812128195305,29.351671175164594,14.623863119896644,9.279842198384952,
2017-07-02,38.94919967651367,43.26689910888672,37.80459976196289,41.56760025024414,41.56760025024414,315630016.0,41.56760025024414,0.6893265431656224,30.93738258726713,23.674143331250757,14.827373010864674,9.38115091127892,
2017-07-03,41.47850036621094,48.403900146484375,40.97060012817383,46.425201416015625,46.425201416015625,729937984.0,46.425201416015625,0.7698814320579367,66.96770338215374,37.99229936587205,15.056409138799365,9.496690394127207,
2017-07-04,46.562599182128906,55.424400329589844,46.562599182128906,55.33440017700195,55.33440017700195,1101750016.0,55.33440017700195,0.9176250387928498,99.53185631185399,65.81231409375827,15.333378866070607,9.635851600725356,
2017-07-05,55.274898529052734,56.034698486328125,50.59600067138672,53.19449996948242,53.19449996948242,790609024.0,53.19449996948242,0.882138505918964,85.68101717067864,84.06019228822878,15.598779411263804,9.7693919292868,
2017-07-06,53.195499420166016,53.195499420166016,50.1151008605957,51.13029861450195,51.13029861450195,461148992.0,51.13029861450195,0.8479073072002425,75.27425736747546,86.82904361666935,15.851743610830255,9.897233239918538,
2017-07-07,51.10150146484375,51.13600158691406,45.63249969482422,46.57550048828125,46.57550048828125,553712000.0,46.57550048828125,0.77237388144886,52.311046953292106,71.08877383048207,16.082797056990245,10.013571926665632,
2017-07-08,46.63930130004883,52.74509811401367,44.670101165771484,52.13850021362305,52.13850021362305,604987008.0,52.13850021362305,0.8646265818023917,80.35714903884433,69.31415111987063,16.346607113145087,10.144855735073351,
2017-07-09,52.36370086669922,53.308799743652344,49.527000427246094,49.580501556396484,49.580501556396484,409244000.0,49.580501556396484,0.8222066114121613,67.4608889242757,66.70969497213737,16.59592198543861,10.269287053852866,
2017-07-10,49.90879821777344,50.5348014831543,44.73699951171875,46.57640075683594,46.57640075683594,373252992.0,46.57640075683594,0.7723888108411507,52.31558569588347,66.71120788633449,16.82860953039159,10.385661219897335,
2017-07-11,46.274200439453125,47.389400482177734,43.64509963989258,45.3307991027832,45.3307991027832,400044992.0,45.3307991027832,0.7517326681439425,41.284468365282386,53.686980995147174,17.052810837010867,10.498662203305388,
2017-07-12,45.25590133666992,49.070499420166016,44.06529998779297,48.75120162963867,48.75120162963867,369964000.0,48.75120162963867,0.8084541107068528,60.046860048241115,51.21563803646899,17.294120628325665,10.620848290560996,
2017-07-13,48.7234001159668,49.04930114746094,45.38930130004883,46.32780075073242,46.32780075073242,229104992.0,46.32780075073242,0.7682662109843721,46.75345491891353,49.36159444414567,17.52625729868321,10.73643527945427,
2017-07-14,46.35919952392578,46.477699279785156,40.801998138427734,42.80270004272461,42.80270004272461,320419008.0,42.80270004272461,0.70980853070615,27.416748292654958,44.7390210866032,17.73849718948531,10.842337307211471,
2017-07-15,42.805301666259766,42.805301666259766,37.77859878540039,38.92390060424805,38.92390060424805,327332000.0,38.92390060424805,0.645485370541471,6.273529601667625,26.814577604412037,17.929934514676287,10.93758150061516,
2017-07-16,38.92100143432617,41.96929931640625,36.38479995727539,40.912899017333984,40.912899017333984,393366016.0,40.912899017333984,0.6784694589228152,23.043880116549794,18.91138600362412,18.132187896738937,11.038349251551171,
2017-07-17,41.18920135498047,43.073001861572266,40.172298431396484,42.669700622558594,42.669700622558594,355036000.0,42.669700622558594,0.7076029660357303,31.984392468952766,20.433934062390055,18.343902982649254,11.143773390495614,
2017-07-18,42.62300109863281,45.33039855957031,41.46730041503906,44.302398681640625,44.302398681640625,380816000.0,44.302398681640625,0.7346784311173025,40.29333135058646,31.77386797869634,18.56466723791237,11.253784838767901,
2017-07-19,44.3474006652832,44.418800354003906,40.56079864501953,40.86439895629883,40.86439895629883,246376992.0,40.86439895629883,0.6776651695432163,26.468914296662366,32.915546038733865,18.76644510128459,11.35437453478983,
2017-07-20,40.95539855957031,45.4474983215332,40.95539855957031,45.01570129394531,45.01570129394531,354801984.0,45.01570129394531,0.7465073175820223,50.99799956046681,39.25341506923854,18.991458769053057,11.466403688796579,
2017-07-21,45.06850051879883,47.4474983215332,44.52149963378906,45.76300048828125,45.76300048828125,286020000.0,45.76300048828125,0.7588999783861307,55.413617639932156,44.29351049902044,19.220433580419407,11.580493470414044,
2017-07-22,45.77299880981445,46.79869842529297,45.45289993286133,46.55830001831055,46.55830001831055,132333000.0,46.55830001831055,0.7720886414919139,60.11285859991773,55.50815860010556,19.453593634516814,11.696986648481186,
2017-07-23,46.62820053100586,46.63970184326172,42.93600082397461,44.05590057373047,44.05590057373047,219256992.0,44.05590057373047,0.7305906875959146,54.21271935854861,56.57973186613284,19.673000140268293,11.80657267701136,
2017-07-24,44.15959930419922,44.811500549316406,43.28770065307617,44.40549850463867,44.40549850463867,158532000.0,44.40549850463867,0.7363881628352843,63.226301165546026,59.183959708004124,19.89465346492705,11.917079056125798,
2017-07-25,44.4828987121582,44.78879928588867,41.067298889160156,42.24129867553711,42.24129867553711,206307008.0,42.24129867553711,0.7004986628898202,46.166147443376595,54.53505598915708,20.104519795850326,12.021761956280224,
2017-07-26,42.28799819946289,42.69860076904297,40.625701904296875,42.229698181152344,42.229698181152344,121389000.0,42.229698181152344,0.7003062888137339,46.15182340072345,51.848090669882026,20.31459410333894,12.126582389335109,
2017-07-27,42.35319900512695,42.61949920654297,41.38930130004883,42.139801025390625,42.139801025390625,81714000.0,42.139801025390625,0.6988155004293051,52.02167571258129,48.113215518893774,20.52456826199599,12.23119584436286,
2017-07-28,42.21620178222656,42.470298767089844,35.94150161743164,40.614601135253906,40.614601135253906,137556000.0,40.614601135253906,0.6735227060034745,40.614469463183816,46.26265619216286,20.72555340443804,12.331598203476162,
2017-07-29,40.55889892578125,41.34120178222656,38.74399948120117,41.115501403808594,41.115501403808594,109945000.0,41.115501403808594,0.6818292680497524,44.967853889029605,45.86799968826491,20.929157892862957,12.433072344897544,
2017-07-30,41.18450164794922,41.81769943237305,40.0620002746582,40.422000885009766,40.422000885009766,75746704.0,40.422000885009766,0.6703287649552936,38.94055754405834,41.507626965423924,21.12898877149071,12.532689306180771,
2017-07-31,40.340301513671875,44.03340148925781,38.94770050048828,43.022701263427734,43.022701263427734,240820992.0,43.022701263427734,0.7134568693171482,61.5435570520531,48.48398949504702,21.34303577350137,12.639562953008364,
2017-08-01,43.0192985534668,43.77000045776367,41.084999084472656,43.03630065917969,43.03630065917969,203656000.0,43.03630065917969,0.713682391704931,61.6617510347361,54.04862187694918,21.556232772889686,12.74688591369211,
2017-08-02,43.07490158081055,43.206298828125,42.06669998168945,42.132198333740234,42.132198333740234,103557000.0,42.132198333740234,0.698689422976612,53.80408908079893,59.00313238919605,21.76417571469083,12.852345141972581,
2017-08-03,42.19300079345703,43.16740036010742,42.1328010559082,42.86149978637695,42.86149978637695,95497600.0,42.86149978637695,0.7107836224551777,60.142535643857165,58.53612525313073,21.97612199887552,12.959584237451423,
2017-08-04,42.89350128173828,43.71310043334961,42.82149887084961,43.44969940185547,43.44969940185547,114810000.0,43.44969940185547,0.7205378927327065,69.15410964078129,61.03357812181247,22.19122817086392,13.068354783646049,
2017-08-05,43.486000061035156,46.91659927368164,43.47600173950195,46.85900115966797,46.85900115966797,248320000.0,46.85900115966797,0.7770752482974548,99.47519269697914,76.25727932720586,22.424979215111236,13.18651906104937,
2017-08-06,46.845001220703125,47.301300048828125,45.09859848022461,45.10300064086914,45.10300064086914,147891008.0,45.10300064086914,0.7479550258132731,80.6484294485079,83.09257726208943,22.649268835620152,13.29978706281479,
2017-08-07,45.17169952392578,46.48400115966797,45.12379837036133,45.795501708984375,45.795501708984375,106560000.0,45.795501708984375,0.7594389547518836,86.74449772205475,88.95603995584726,22.877425019206896,13.414897149882904,
2017-08-08,45.898101806640625,49.36830139160156,45.79410171508789,48.631900787353516,48.631900787353516,205564992.0,48.631900787353516,0.8064757131877732,94.51544212594342,87.30278976550203,23.121074694753343,13.537763973784774,
2017-08-09,48.586700439453125,50.22639846801758,47.16429901123047,48.01190185546875,48.01190185546875,253103008.0,48.01190185546875,0.7961941064096675,84.49763665981254,88.5858588359369,23.361356289660343,13.659002746294622,
2017-08-10,48.049400329589844,48.50699996948242,46.49980163574219,46.49980163574219,46.49980163574219,121661000.0,46.49980163574219,0.7711185472936954,73.91232942558817,84.30846940378137,23.593469030870114,13.776201052208469,
2017-08-11,46.40489959716797,47.327301025390625,46.40489959716797,47.09939956665039,47.09939956665039,137644000.0,47.09939956665039,0.7810618388600586,72.76702451327922,77.05899686622665,23.83008547689094,13.894987982266569,
2017-08-12,47.05059814453125,47.62350082397461,46.28580093383789,46.43389892578125,46.43389892578125,142064992.0,46.43389892578125,0.7700256651698988,66.37466883895013,71.01800759260584,24.063182137702984,14.012041540668434,
2017-08-13,46.56869888305664,48.07279968261719,44.32590103149414,45.812801361083984,45.812801361083984,242564992.0,45.812801361083984,0.7597258394723871,60.867849111306306,66.66984748784522,24.292797991486847,14.127379599009474,
2017-08-14,45.832298278808594,46.51089859008789,45.43119812011719,45.804500579833984,45.804500579833984,114402000.0,45.804500579833984,0.7595881854146549,51.627779263826056,59.623432404694164,24.522525481187582,14.242870806341301,
2017-08-15,45.813499450683594,45.83570098876953,42.2943000793457,43.30649948120117,43.30649948120117,206080992.0,43.30649948120117,0.7181631704564155,15.194182745711112,42.56327037361449,24.738856680406247,14.351718530916187,
2017-08-16,43.37189865112305,45.056400299072266,42.5703010559082,44.15119934082031,44.15119934082031,120765000.0,44.15119934082031,0.7321710523340884,24.93820957652586,30.586723862021014,24.95951459968025,14.462714364430676,
2017-08-17,44.17879867553711,44.832000732421875,43.78419876098633,43.91460037231445,43.91460037231445,104020000.0,43.91460037231445,0.7282474688677627,20.427133068378993,20.186508463538654,25.178669356257537,14.573166858333432,
2017-08-18,43.89720153808594,47.859500885009766,43.59090042114258,47.28139877319336,47.28139877319336,293350016.0,47.28139877319336,0.7840799799880015,62.87237562471385,36.07923942320624,25.41634470517518,14.692822416514566,
2017-08-19,47.054298400878906,47.08169937133789,43.78200149536133,45.47999954223633,45.47999954223633,155404000.0,45.47999954223633,0.7542068986154601,40.162127432007665,41.15387870836684,25.643938364226962,14.807550935875879,
2017-08-20,45.37620162963867,47.54610061645508,44.75149917602539,46.23099899291992,46.23099899291992,138850000.0,46.23099899291992,0.7666609217522892,49.62998087865835,50.88816131179328,25.875850763477263,14.924305563103664,
2017-08-21,46.18980026245117,48.74760055541992,45.62139892578125,47.93600082397461,47.93600082397461,207172000.0,47.93600082397461,0.7949354194672511,71.12494661798483,53.63901830955029,26.117237325574532,15.045732770554007,
2017-08-22,47.895198822021484,47.895198822021484,45.47639846801758,46.72710037231445,46.72710037231445,163104000.0,46.72710037231445,0.7748879025464407,55.88433319611109,58.87975356425142,26.351988366392792,15.163732333379249,
2017-08-23,46.713600158691406,54.77989959716797,46.48360061645508,53.24810028076172,53.24810028076172,447188000.0,53.24810028076172,0.8830273741014986,87.73147165084288,71.58025048831293,26.622287931338033,15.298848416054085,
2017-08-24,52.82440185546875,53.280399322509766,50.18560028076172,50.18560028076172,50.18560028076172,391342016.0,50.18560028076172,0.832241124095827,63.203214152045895,68.93967299966663,26.87573263293407,15.425781430283639,
2017-08-25,50.172298431396484,52.13479995727539,49.842098236083984,51.17679977416992,51.17679977416992,157619008.0,51.17679977416992,0.848678448268145,71.14195583596215,74.02554721295031,27.134387549155395,15.555575210754185,
2017-08-26,51.16579818725586,52.26029968261719,50.45240020751953,51.74959945678711,51.74959945678711,126024000.0,51.74959945678711,0.8581773373733094,75.72963848427678,70.02493615742827,27.3961519178797,15.686871702377111,
2017-08-27,51.8047981262207,64.44229888916016,51.63850021362305,61.15879821777344,61.15879821777344,890545984.0,61.15879821777344,1.0142125767622097,85.17472978221537,77.34877470081811,27.709445296740924,15.844192327865182,
2017-08-28,61.363399505615234,64.91999816894531,59.86759948730469,62.355499267578125,62.355499267578125,556636992.0,62.355499267578125,1.0340577877654524,88.66554794812711,83.18997207153974,28.029274691649473,16.004783202524056,
2017-08-29,62.39459991455078,63.28630065917969,61.257301330566406,63.16699981689453,63.16699981689453,294799008.0,63.16699981689453,1.0475151166723335,92.15650063092706,88.66559278708985,28.35366955350657,16.16754342105291,
2017-08-30,63.16379928588867,64.21369934082031,60.897300720214844,64.16929626464844,64.16929626464844,240308992.0,64.16929626464844,1.0641364645826767,96.48038602863916,92.4341448692311,28.683714943505375,16.332927630045642,
2017-08-31,64.158203125,72.28070068359375,64.04039764404297,71.05509948730469,71.05509948730469,633147008.0,71.05509948730469,1.1783255662824905,95.72809435730679,94.78832700562434,29.051235159889597,16.517195190142278,
2017-09-01,70.8561019897461,87.40589904785156,70.00540161132812,86.03970336914062,86.03970336914062,1551740032.0,86.03970336914062,1.4268192279898793,96.86824021840994,96.35890686811864,29.49995359306127,16.74242174723377,
2017-09-02,85.82990264892578,92.06520080566406,72.22650146484375,79.02429962158203,79.02429962158203,1363990016.0,79.02429962158203,1.3104809264015571,72.43736859533131,88.34456772368269,29.910355121060146,16.948448403894083,
2017-09-03,78.97989654541016,82.82980346679688,73.6084976196289,76.84300231933594,76.84300231933594,675462016.0,76.84300231933594,1.2743078945228412,67.32648678966427,78.87736520113516,30.309038193499454,17.148323067573653,
2017-09-04,76.73210144042969,76.73210144042969,61.24369812011719,65.20580291748047,65.20580291748047,922041024.0,65.20580291748047,1.081325129400071,42.347953713161615,60.703936366052396,30.64403405606421,17.315970637047126,
2017-09-05,65.25129699707031,72.4437026977539,59.04999923706055,71.2947998046875,71.2947998046875,1016089984.0,71.2947998046875,1.1823005802400555,54.43248829624512,54.70230959969033,31.01219471035108,17.5003969649746,
2017-09-06,71.77729797363281,80.63899993896484,71.51390075683594,80.11430358886719,80.11430358886719,830718016.0,80.11430358886719,1.3285567513777914,71.6958335851734,56.15875853152671,31.42909538550455,17.70900502988737,
2017-09-07,79.87799835205078,81.05500030517578,75.59089660644531,78.48429870605469,78.48429870605469,526828992.0,78.48429870605469,1.301525947952818,67.83537619664683,64.65456602602178,31.837337454811472,17.913154121947613,
2017-09-08,78.45279693603516,80.1260986328125,63.829898834228516,67.7947998046875,67.7947998046875,930673024.0,67.7947998046875,1.124259151662145,41.67563669805307,60.40228215995777,32.18682586951334,18.087966340861907,
2017-09-09,67.21269989013672,69.55380249023438,64.00910186767578,66.00910186767578,66.00910186767578,467895008.0,66.00910186767578,1.0946464490127772,35.54730275683675,48.35277188384555,32.52702768252847,18.257936510321212,
2017-09-10,65.80280303955078,65.95120239257812,57.06439971923828,61.61349868774414,61.61349868774414,529848000.0,61.61349868774414,1.0217529952913946,12.997128143647313,30.073355866179043,32.84295936881519,18.415866698304267,
2017-09-11,61.64659881591797,67.23249816894531,61.371498107910156,66.03990173339844,66.03990173339844,412076000.0,66.03990173339844,1.0951572113575059,25.643704531211686,24.729378477231915,33.182835498142765,18.58623505945075,
2017-09-12,66.23880004882812,70.25299835205078,63.86330032348633,64.23370361328125,64.23370361328125,481217984.0,64.23370361328125,1.0652045487328379,20.48325658701398,19.70802975395766,33.511049507745625,18.75174331599719,
2017-09-13,64.32160186767578,64.59700012207031,58.93479919433594,61.730098724365234,61.730098724365234,501521984.0,61.730098724365234,1.0236866046336017,13.330263480559113,19.81907486626159,33.826212942925956,18.910396435489393,
2017-09-14,61.6422004699707,62.426700592041016,41.24850082397461,41.58489990234375,41.58489990234375,749713984.0,41.58489990234375,0.6896134278861258,0.6619852892658393,11.49183511894631,34.03071583815611,19.01382859961627,
2017-09-15,41.685001373291016,50.647701263427734,32.03099822998047,48.21260070800781,48.21260070800781,1554339968.0,48.21260070800781,0.7995223487283287,26.953972541948247,13.648740437257734,34.271019120033976,19.135474300384523,8.520923180122898
2017-09-16,48.133399963378906,52.829200744628906,46.464900970458984,48.25830078125,48.25830078125,562278016.0,48.25830078125,0.8002802051674979,31.94426025498096,19.853406028731683,34.51256666548265,19.257260905226616,8.56037500742908
2017-09-17,48.23040008544922,49.88180160522461,45.12480163574219,48.49020004272461,48.49020004272461,245262000.0,48.49020004272461,0.8041258521452546,33.57376206760567,30.82399828817829,34.755859453170025,19.379684960352233,8.600379546483358
2017-09-18,48.53020095825195,55.614898681640625,48.53020095825195,55.52539825439453,55.52539825439453,408675008.0,55.52539825439453,0.920792410583564,47.92428000549048,37.814100776025704,35.03765720357009,19.5207315314306,8.647135371160289
2017-09-19,55.68360137939453,55.88330078125,51.04779815673828,52.83530044555664,52.83530044555664,286583008.0,52.83530044555664,0.8761818049152047,42.43697237052487,41.31167148120701,35.3043347473353,19.654989450271817,8.691472230109994
2017-09-20,52.74489974975586,53.829898834228516,51.25130081176758,51.73379898071289,51.73379898071289,160252000.0,51.73379898071289,0.8579153138865783,40.19011079615928,43.51712105739154,35.56512479573651,19.786199666375982,8.734840155954231
2017-09-21,51.66360092163086,52.31420135498047,45.66740036010742,46.60580062866211,46.60580062866211,229363008.0,46.60580062866211,0.7728763567156646,30.304131349361768,37.643738172015304,35.79829042726527,19.903365229907102,8.773528238627465
2017-09-22,46.6526985168457,49.092098236083984,45.18899917602539,48.090301513671875,48.090301513671875,218134000.0,48.090301513671875,0.7974942287417044,42.01586320025773,37.50336844859293,36.0393301619858,20.024797370989027,8.813111554977556
2017-09-23,48.157100677490234,49.78950119018555,46.6870002746582,49.27159881591797,49.27159881591797,142072992.0,49.27159881591797,0.8170839953124458,45.10648456615529,39.14215970525826,36.28625714974325,20.149341723690295,8.85384654018977
2017-09-24,49.250099182128906,49.268699645996094,47.51860046386719,47.61830139160156,47.61830139160156,82147104.0,47.61830139160156,0.789666925492016,40.78097198430128,42.63443991690477,36.52422262150082,20.26937778224684,8.893210605508116
2017-09-25,47.61989974975586,52.438899993896484,47.57170104980469,51.580101013183594,51.580101013183594,208640992.0,51.580101013183594,0.8553664997137436,51.14620564274186,45.67788739773281,36.78389126094964,20.400259209985602,8.936266780008465
2017-09-26,51.68790054321289,53.70249938964844,51.07699966430664,51.54679870605469,51.54679870605469,173663008.0,51.54679870605469,0.8548142387192573,59.92691562428034,50.6180310837745,37.04329846595806,20.530911425368426,8.979303308382427
2017-09-27,51.57619857788086,56.54059982299805,51.57619857788086,56.28310012817383,56.28310012817383,220363008.0,56.28310012817383,0.9333575817807954,79.78793057423955,63.62035061375392,37.32814775529455,20.674557617265883,9.026837436249266
2017-09-28,56.21220016479492,56.67129898071289,53.40810012817383,54.085201263427734,54.085201263427734,202008992.0,54.085201263427734,0.8969092417866152,89.5046016546357,76.40648261771854,37.600821531535495,20.81222225084697,9.07235196714532
2017-09-29,54.10929870605469,54.1599006652832,50.418800354003906,52.62300109863281,52.62300109863281,186560000.0,52.62300109863281,0.8726611885204572,64.93916933308445,78.07723385398657,37.85023339589437,20.94585893905326,9.11632299096617
2017-09-30,52.62649917602539,55.234500885009766,52.61909866333008,55.142398834228516,55.142398834228516,131446000.0,55.142398834228516,0.9144410295861507,86.75875375184393,80.40084157985468,38.11512595838536,21.086409073006617,9.162636999234762
2017-10-01,55.136199951171875,55.161598205566406,53.62519836425781,54.54330062866211,54.54330062866211,100183000.0,54.54330062866211,0.9045060250977116,81.46714170290124,77.72168826260987,38.37556191741443,21.225296965037305,9.208500598010406
2017-10-02,54.54690170288086,54.7848014831543,53.257999420166016,53.375999450683594,53.375999450683594,95474600.0,53.375999450683594,0.8851483599689828,71.30104956252724,79.84231500575747,38.62491437255359,21.36100570339046,9.253432908123486
2017-10-03,53.39039993286133,53.59299850463867,51.58660125732422,52.34960174560547,52.34960174560547,88516096.0,52.34960174560547,0.8681273345141761,62.362093756312255,71.71009500724692,38.866876242590735,21.49391428346503,9.297644233921346
2017-10-04,52.2843017578125,53.04610061645508,50.83039855957031,51.39950180053711,51.39950180053711,77473400.0,51.39950180053711,0.8523715750560156,54.08761946780349,62.58358759554766,39.10245078769538,21.62426078156249,9.34120620810278
2017-10-05,51.40140151977539,51.865501403808594,50.44049835205078,51.669498443603516,51.669498443603516,69594400.0,51.669498443603516,0.8568490010202483,56.439035540010416,57.62958292137538,39.32417482365676,21.755291927677312,9.384902215766036
2017-10-06,51.63600158691406,52.60309982299805,51.53049850463867,52.12009811401367,52.12009811401367,59355900.0,52.12009811401367,0.8643214149023457,54.41641921290601,54.981024740239974,39.552963882196146,21.887548251347997,9.42897661592318
2017-10-07,52.13750076293945,52.74980163574219,51.636199951171875,52.58399963378906,52.58399963378906,51786200.0,52.58399963378906,0.8720144168815536,55.34323195065278,55.39956223452307,39.789097431578924,22.021032387589756,9.473429684007549
2017-10-08,52.493499755859375,54.50510025024414,52.25699996948242,53.142601013183594,53.142601013183594,100841000.0,53.142601013183594,0.8812778517574535,61.22138588625412,56.9936790166043,40.02530721758233,22.156113349574888,9.518399493117311
2017-10-09,53.08250045776367,53.38819885253906,48.47249984741211,50.16400146484375,50.16400146484375,152366000.0,50.16400146484375,0.8318829452011212,20.63108986975088,45.73190256888592,40.251832633722024,22.28309655908036,9.560734298131237
2017-10-10,50.15420150756836,51.67129898071289,49.8572998046875,50.717098236083984,50.717098236083984,90415504.0,50.717098236083984,0.841055095699582,27.37716038870945,36.40987871490481,40.48024825320218,22.411649786936092,9.603605931208014
2017-10-11,50.753299713134766,51.13639831542969,50.31650161743164,50.88750076293945,50.88750076293945,57390100.0,50.88750076293945,0.8438809260115755,29.455544357934286,25.821264872131536,40.7099404413192,22.54061189873578,9.646562251435023
2017-10-12,50.88669967651367,60.107601165771484,50.871498107910156,60.107601165771484,60.107601165771484,341368992.0,60.107601165771484,0.9967802971579007,100.0,52.277568248881245,40.97945957496518,22.694992970113884,9.69792829822732
2017-10-13,60.55189895629883,60.961700439453125,55.84090042114258,59.42890167236328,59.42890167236328,357124000.0,59.42890167236328,0.9855252433943248,87.72700657825409,72.39418364539613,41.24874592348526,22.84710894741424,9.748478975470208
2017-10-14,59.405601501464844,66.19300079345703,58.60089874267578,63.950199127197266,63.950199127197266,313105984.0,63.950199127197266,1.0605031186241063,87.34346352234279,91.69015670019895,41.541424605364355,23.011636616432504,9.803176490792401
2017-10-15,64.12660217285156,70.09380340576172,62.549400329589844,65.46739959716797,65.46739959716797,453940000.0,65.46739959716797,1.0856632565430138,78.60256761990122,84.55767924016602,41.840183075659915,23.180389957558617,9.859319421907538
2017-10-16,65.71829986572266,66.33580017089844,62.69129943847656,64.62190246582031,64.62190246582031,200428000.0,64.62190246582031,1.0716421532967444,74.6920858625645,80.2127056682695,42.13475685953443,23.34679119750245,9.914688036104316
2017-10-17,64.67320251464844,64.69550323486328,58.85390090942383,59.479000091552734,59.479000091552734,205363008.0,59.479000091552734,0.9863560387712537,50.90581247535461,68.06682198594011,42.402830082210684,23.499033718239772,9.965302867323297
2017-10-18,59.58689880371094,61.74760055541992,53.793701171875,60.73080062866211,60.73080062866211,283868992.0,60.73080062866211,1.0071149791908034,56.69547512789139,60.76445782193682,42.67829839258246,23.654900075964733,10.01712191812524
2017-10-19,60.821800231933594,61.292198181152344,58.708499908447266,59.73970031738281,59.73970031738281,160943008.0,59.73970031738281,0.9906792997820426,52.111568757007674,53.23761878675122,42.951968448409616,23.808148186174158,10.068108100978208
2017-10-20,59.80979919433594,61.88420104980469,58.56340026855469,60.33060073852539,60.33060073852539,150542000.0,60.33060073852539,1.0004783582364438,54.844523407720146,54.550522430873066,43.225168999427005,23.963084078488286,10.119606357295764
2017-10-21,60.30379867553711,60.520999908447266,56.83409881591797,58.20180130004883,58.20180130004883,139503008.0,58.20180130004883,0.9651759123607201,44.99868116822912,50.651591110985635,43.48185752910343,24.112115150608428,10.169248806069431
2017-10-22,58.27190017700195,58.650699615478516,56.43790054321289,56.807899475097656,56.807899475097656,96781400.0,56.807899475097656,0.942060468584285,38.55179039131812,46.13166498908913,43.72089195251465,24.25710813574595,10.217712960831106
2017-10-23,56.77069854736328,56.77069854736328,52.872398376464844,54.92020034790039,54.92020034790039,177315008.0,54.92020034790039,0.910756253136341,25.01865264384968,36.18970806779897,43.94483239012338,24.396840794445716,10.264445993127344
2017-10-24,54.95949935913086,59.10129928588867,53.294498443603516,55.963199615478516,55.963199615478516,199788992.0,55.963199615478516,0.928052586706612,28.551407358200915,30.707283464456236,44.168863536230205,24.539565012552966,10.31220457717164
2017-10-25,55.951698303222656,56.580101013183594,54.09400177001953,56.494300842285156,56.494300842285156,114510000.0,56.494300842285156,0.9368599792561372,29.25144849823735,27.607169500095978,44.39444550790422,24.683646905585512,10.360393728622018
2017-10-26,56.46860122680664,57.14540100097656,55.277099609375,55.737998962402344,55.737998962402344,81104704.0,55.737998962402344,0.9243180245291207,16.63976069933069,24.81420551858965,44.6178875803296,24.825503642591713,10.40781901525036
2017-10-27,55.673099517822266,56.25400161743164,55.154300689697266,55.332401275634766,55.332401275634766,78923104.0,55.332401275634766,0.9175918904811533,14.284565603009689,20.05859160019257,44.84034879090356,24.966081454002694,10.454838495820624
2017-10-28,55.384300231933594,56.13180160522461,54.57320022583008,54.69390106201172,54.69390106201172,71063200.0,54.69390106201172,0.9070034720394441,10.576969082651233,13.833765128330533,45.06085371319713,25.105042223734397,10.501383656671603
2017-10-29,54.6697998046875,57.75199890136719,54.493499755859375,57.10639953613281,57.10639953613281,138340000.0,57.10639953613281,0.9470105742908776,31.44822701063935,18.76992056543342,45.2868881381926,25.25029178384232,10.550078213269307
2017-10-30,56.8401985168457,58.549598693847656,56.235801696777344,56.390499114990234,56.390499114990234,129287000.0,56.390499114990234,0.9351386076729795,29.756149341992337,23.9271151450943,45.50920999245565,25.393734219956073,10.59814807552181
2017-10-31,56.3650016784668,56.78710174560547,55.71760177612305,55.75410079956055,55.75410079956055,99381104.0,55.75410079956055,0.9245850455666611,31.976980938795034,31.060452430475568,45.726895243743726,25.535542825150163,10.645804249750425
2017-11-01,55.740699768066406,55.740699768066406,53.18080139160156,53.18080139160156,53.18080139160156,112759000.0,53.18080139160156,0.8819113387676237,3.4222122511524344,21.718447510646598,45.93064278983027,25.67004274734079,10.691097127792498
2017-11-02,53.559200286865234,55.27750015258789,50.85049819946289,54.737300872802734,54.737300872802734,221076992.0,54.737300872802734,0.9077231826161073,35.226639017376115,23.541944069107856,46.114766834863545,25.80876275023369,10.73781789579348
2017-11-03,54.57820129394531,56.29209899902344,54.28390121459961,56.181400299072266,56.181400299072266,150030000.0,56.181400299072266,0.9316710665330284,55.125393283956534,31.258081517495025,46.29393513997396,25.952105408498685,10.785844964632705
2017-11-04,56.21590042114258,56.36880111694336,54.9364013671875,55.037200927734375,55.037200927734375,83633104.0,55.037200927734375,0.9126965047929149,50.74298464375111,47.03167231502792,46.45114990401138,26.092265164362242,10.832778618433704
2017-11-05,55.025699615478516,55.47679901123047,54.62810134887695,54.74639892578125,54.74639892578125,84302000.0,54.74639892578125,0.907874058042436,47.21845412959834,51.02894401910199,46.59643186767244,26.231661627390615,10.879442398297732
2017-11-06,54.75920104980469,56.173099517822266,53.945701599121094,55.17369842529297,55.17369842529297,133918000.0,55.17369842529297,0.9149600790088036,52.39733912556209,50.1195926329705,46.732402353338856,26.372166965432363,10.926580597820891
2017-11-07,54.987701416015625,63.81050109863281,54.98529815673828,61.29520034790039,61.29520034790039,402670016.0,61.29520034790039,1.016474569474678,80.5918195366027,60.069204263921044,46.90910727078797,26.529581568992302,10.97931022360989
2017-11-08,61.112998962402344,64.06500244140625,60.790000915527344,62.57310104370117,62.57310104370117,349454016.0,62.57310104370117,1.0376663357503875,88.71012207200536,73.89976024472338,47.06752312248522,26.69048661271187,11.033138206342583
2017-11-09,62.489601135253906,66.83830261230469,61.725799560546875,64.26969909667969,64.26969909667969,279652992.0,64.26969909667969,1.065801471383923,83.93398211975976,84.4119745761226,47.244067384897036,26.85598000761581,11.088456990838596
2017-11-10,64.43620300292969,65.89640045166016,56.91320037841797,59.260101318359375,59.260101318359375,291596000.0,59.260101318359375,0.982725982339798,52.60011257169048,75.08140558781852,47.400036796194605,27.00785907980514,11.139218827687442
2017-11-11,59.348899841308594,63.71160125732422,59.2421989440918,62.30329895019531,62.30329895019531,272494016.0,62.30329895019531,1.0331921360531329,71.6346063223869,69.38956700461237,47.59046520170618,27.168098227618493,11.192401191850776
2017-11-12,62.309200286865234,62.309200286865234,57.41339874267578,59.005401611328125,59.005401611328125,322820000.0,59.005401611328125,0.9785022295242354,51.00702511293556,58.413914669004306,47.754910015669026,27.31944486213057,11.242545248057745
2017-11-13,59.17580032348633,62.764400482177734,58.84870147705078,61.39649963378906,61.39649963378906,237478000.0,61.39649963378906,1.0181544424080782,65.96278739721988,62.868139610847436,47.93252476968401,27.47702979257662,11.29497185036472
2017-11-14,61.64289855957031,63.812400817871094,60.8661003112793,62.67959976196289,62.67959976196289,174111008.0,62.67959976196289,1.0394324322502806,73.98828042328674,63.65269764448072,48.136428051307554,27.638135079814962,11.34869355785248
2017-11-15,62.77519989013672,65.52469635009766,62.70880126953125,63.82360076904297,63.82360076904297,194636000.0,63.82360076904297,1.0584037044632795,81.14374078256652,73.69826953435769,48.357717128399294,27.80232689021385,11.403433257150867
2017-11-16,63.80910110473633,72.4791030883789,62.937400817871094,71.0602035522461,71.0602035522461,418128992.0,71.0602035522461,1.178410208345563,92.3440954055022,82.49203887045182,48.60720239441252,27.98600010479966,11.464787379138546
2017-11-17,70.44840240478516,71.11840057373047,65.78179931640625,67.56900024414062,67.56900024414062,350504992.0,67.56900024414062,1.1205146576431722,73.50673675804067,82.33152431536979,48.82147234515414,28.160317392871804,11.523051160220142
2017-11-18,67.40519714355469,69.7656021118164,65.71410369873047,69.6436996459961,69.6436996459961,174063008.0,69.6436996459961,1.1549199482584371,84.70111682398804,83.51731632917698,49.05068654961925,28.34026911813919,11.583175579924562
2017-11-19,69.51190185546875,72.98079681396484,68.60420227050781,71.58930206298828,71.58930206298828,243056992.0,71.58930206298828,1.187184389323255,92.68984612227491,83.6325665681012,49.29157890778422,28.525571863618616,11.645255718710215
2017-11-20,71.41300201416016,72.91840362548828,70.79299926757812,72.25279998779297,72.25279998779297,188976000.0,72.25279998779297,1.1981873514415815,95.95456152653192,91.11517482426495,49.542696937185816,28.712779698959768,11.708046467663491
2017-11-21,72.1968002319336,72.53450012207031,68.1093978881836,70.0282974243164,70.0282974243164,231664992.0,70.0282974243164,1.1612978352531804,81.6245111613799,90.08963960339555,49.78667123721597,28.893830157632696,11.768781634335104
2017-11-22,70.18219757080078,71.95099639892578,70.18219757080078,71.8927993774414,71.8927993774414,157890000.0,71.8927993774414,1.1922173658090889,93.2286235785931,90.26923208883495,50.004052115268394,29.079982183404166,11.83115463822944
2017-11-23,71.97509765625,76.39679718017578,70.90280151367188,73.22339630126953,73.22339630126953,315247008.0,73.22339630126953,1.2142830076149052,83.71244841907247,86.18852771968182,50.21591002042176,29.269839926941753,11.894711575442798
2017-11-24,73.14189910888672,77.96829986572266,72.81230163574219,77.96829986572266,77.96829986572266,287392000.0,77.96829986572266,1.292969002284985,100.0,92.3136906658885,50.47857723340311,29.472745707263684,11.962657511288716
2017-11-25,77.90869903564453,89.36720275878906,77.52230072021484,88.81690216064453,88.81690216064453,487896992.0,88.81690216064453,1.4728742523623746,98.27782445599581,93.99675762502274,50.83414336241008,29.705352507552057,12.040517275736212
2017-11-26,88.93930053710938,88.93930053710938,84.01730346679688,85.92680358886719,85.92680358886719,357456992.0,85.92680358886719,1.4249469809803927,88.72684101305936,95.66822182301837,51.17398764396626,29.93009851730033,12.115738210503913
2017-11-27,85.88970184326172,93.28620147705078,85.88970184326172,91.60269927978516,91.60269927978516,429591008.0,91.60269927978516,1.5190718650832744,94.80722719322347,93.93729755409286,51.54219583605157,30.170426652202867,12.196102447379126
2017-11-28,91.7239990234375,96.03379821777344,90.33979797363281,96.03379821777344,96.03379821777344,388931008.0,96.03379821777344,1.5925539543778175,100.0,94.51135606876092,51.92919746774142,30.42289037312547,12.28052940455746
2017-11-29,96.01249694824219,104.60900115966797,81.76809692382812,85.57099914550781,85.57099914550781,786819968.0,85.57099914550781,1.4190465814984081,54.314204738940816,83.04047731072141,52.26487505761652,30.646716260910033,12.355410600035158
2017-11-30,86.24669647216797,93.53990173339844,78.07540130615234,88.33070373535156,88.33070373535156,481948000.0,88.33070373535156,1.4648114948834217,58.14798730176665,70.8207306802358,52.60931824856117,30.878050271125687,12.432811114777168
2017-12-01,88.00350189208984,100.41200256347656,83.73829650878906,99.00370025634766,99.00370025634766,561342976.0,99.00370025634766,1.641804627822188,85.5885957561663,66.01692926562458,52.9929264464665,31.13858347722929,12.519909379906851
2017-12-02,98.94149780273438,103.79499816894531,98.31590270996094,100.28399658203125,100.28399658203125,402553984.0,100.28399658203125,1.6630361214638238,88.15054359504322,77.29570888432538,53.382758666908806,31.40252198846373,12.608194290013074
2017-12-03,100.19499969482422,106.39099884033203,98.10160064697266,101.26300048828125,101.26300048828125,364022016.0,101.26300048828125,1.679271202978711,86.6045352741106,86.7812248751067,53.78495539472403,31.669204181514374,12.697390975473134
2017-12-04,101.39600372314453,104.23600006103516,96.53250122070312,104.23600006103516,104.23600006103516,331151008.0,104.23600006103516,1.7285732436541834,94.3706670418758,89.70858197034322,54.201877250046024,31.94409840074304,12.789279349862714
2017-12-05,104.2770004272461,104.3030014038086,101.83999633789062,102.39700317382812,102.39700317382812,328726016.0,102.39700317382812,1.69807667037309,88.96954462321638,89.98158231306758,54.59288109325972,32.21497079313618,12.879491663196859
2017-12-06,102.47799682617188,104.81800079345703,97.314697265625,100.35199737548828,100.35199737548828,547512000.0,100.35199737548828,1.6641637966628744,82.98307065513578,88.77442744007597,54.97430730517445,32.480221717651574,12.967748135736544
2017-12-07,99.98410034179688,101.34300231933594,92.27169799804688,98.29239654541016,98.29239654541016,645691008.0,98.29239654541016,1.6300088896691645,75.88172570967143,82.61144699600784,55.356261936041825,32.7396092421388,13.054176625813524
2017-12-08,98.3281021118164,133.07000732421875,95.39600372314453,124.84600067138672,124.84600067138672,1515559936.0,124.84600067138672,2.070354351773158,85.19469631489837,81.35316422656851,55.87338816533323,33.07154047717787,13.164975558024018
2017-12-09,127.47899627685547,171.55099487304688,126.58799743652344,155.24200439453125,155.24200439453125,2436539904.0,155.24200439453125,2.574419345816242,82.55267513562852,81.20969905339943,56.55951059060018,33.48674739354277,13.303552858796838
2017-12-10,155.6269989013672,155.6269989013672,130.16099548339844,148.66000366210938,148.66000366210938,1087340032.0,148.66000366210938,2.465268281413208,75.51126413061408,81.08621186038032,57.20551225005603,33.88395214342091,13.43613635067526
2017-12-11,148.25799560546875,225.28700256347656,147.34100341796875,214.2030029296875,214.2030029296875,2913979904.0,214.2030029296875,3.552185227347829,92.47070235013994,83.51154720546084,58.194510621451286,34.46084267211287,13.62857132132195
2017-12-12,212.46400451660156,341.7239990234375,209.6820068359375,316.15899658203125,316.15899658203125,6961679872.0,316.15899658203125,5.242948519822801,90.30338008138392,86.09511552071264,59.760934100125006,35.316997978132065,13.914126505481597
2017-12-13,315.36199951171875,341.7950134277344,287.4830017089844,302.60198974609375,302.60198974609375,3409789952.0,302.60198974609375,5.018129078680427,85.13837353000065,89.30415198717482,61.247049342087706,36.13604375826169,14.187296834057324
2017-12-14,301.197998046875,311.3190002441406,265.6570129394531,279.3280029296875,279.3280029296875,2114880000.0,279.3280029296875,4.632170380529663,75.79330185865011,83.74501849001155,62.60826957160658,36.89140935532034,14.439239503477262
2017-12-15,280.9679870605469,316.406005859375,251.2239990234375,299.77899169921875,299.77899169921875,2599940096.0,299.77899169921875,4.971314553105205,83.16148466680853,81.3643866851531,64.08126897759776,37.70279160656341,14.7102566100691
2017-12-16,299.3370056152344,309.9010009765625,290.1340026855469,298.97198486328125,298.97198486328125,1291379968.0,298.97198486328125,4.957931744639504,82.83806525626255,80.59761726057373,65.51991096871798,38.511952715703885,14.980605244745403
2017-12-17,301.78399658203125,332.5899963378906,301.78399658203125,318.718994140625,318.718994140625,1703580032.0,318.718994140625,5.285401638524728,90.75195869076535,85.58383620461215,67.00118470322239,39.37502530241666,15.269110655022539
2017-12-18,318.9530029296875,360.9330139160156,302.0039978027344,358.33599853515625,358.33599853515625,1966599936.0,358.33599853515625,5.942380933106429,99.03334971319342,90.87445788674044,68.70771147514301,40.34669392860099,15.593737950390333
2017-12-19,359.125,375.2860107421875,335.67498779296875,350.25299072265625,350.25299072265625,2150479872.0,350.25299072265625,5.80833827006531,91.15485723078523,93.64672187824799,70.34668464869098,41.296256587929925,15.910933759332247
2017-12-20,349.60400390625,349.60400390625,308.62701416015625,314.6210021972656,314.6210021972656,2104060032.0,314.6210021972656,5.217443550898057,78.56468531336571,89.58429741911478,71.8079119823018,42.1482016347859,16.195655779642603
2017-12-21,314.6600036621094,339.739013671875,299.52899169921875,317.4620056152344,317.4620056152344,1555939968.0,317.4620056152344,5.2645566643190955,79.3404538651432,83.01999880309803,73.28154316886527,43.007951102191456,16.482939994716208
2017-12-22,319.2569885253906,320.302001953125,187.4770050048828,264.9320068359375,264.9320068359375,2938040064.0,264.9320068359375,4.393437757934443,55.627307818249996,71.17748233225295,74.46853283324528,43.723623230685924,16.722255106059382
2017-12-23,269.2669982910156,312.6679992675781,261.6369934082031,288.2659912109375,288.2659912109375,1352579968.0,288.2659912109375,4.780391411517198,64.49973927002954,66.48916698447424,75.78509290101098,44.500638740356656,16.98301095200456
2017-12-24,291.00799560546875,291.00799560546875,251.03799438476562,275.9800109863281,275.9800109863281,1122909952.0,275.9800109863281,4.5766497418839736,56.43422906183202,58.853758716703844,77.05005581131398,45.24427838717421,17.232582240561918
2017-12-25,277.4939880371094,286.7900085449219,269.572998046875,273.3900146484375,273.3900146484375,804377024.0,273.3900146484375,4.533699145466051,45.74488284322444,55.559617058361994,78.30396627207271,45.98138193430966,17.479713130759322
2017-12-26,273.1080017089844,289.510986328125,272.2619934082031,286.5039978027344,286.5039978027344,842993024.0,286.5039978027344,4.751171807358063,52.727499626063846,51.6355371770401,79.64479794528314,46.75439157159361,17.738879384515492
2017-12-27,286.5889892578125,290.9440002441406,264.4230041503906,272.17401123046875,272.17401123046875,777137984.0,272.17401123046875,4.5135338381704715,45.09741473422991,47.85659906783939,80.91054937227176,47.48782886283038,17.984944198338408
2017-12-28,272.1260070800781,273.177001953125,231.3769989013672,249.92999267578125,249.92999267578125,2593240064.0,249.92999267578125,4.144655376962583,33.253457375869246,43.692790578720995,82.04213677077998,48.16004432194853,18.21072974422751
2017-12-29,250.3520050048828,258.0409851074219,238.33299255371094,245.5019989013672,245.5019989013672,1392210048.0,245.5019989013672,4.071224781419415,30.895746276217473,36.415539462105535,83.15927720200169,48.82017177098418,18.432463067416187
2017-12-30,245.08700561523438,245.43299865722656,208.19700622558594,218.96299743652344,218.96299743652344,943667008.0,218.96299743652344,3.6311214791191904,16.76490022831026,26.971367960132323,84.13528100519233,49.4080415719176,18.62994623401938
2017-12-31,216.97500610351562,237.79100036621094,213.81100463867188,232.0959930419922,232.0959930419922,771041984.0,232.0959930419922,3.8489094295331405,23.75764030161556,23.80609560204776,85.19051484071493,50.0320708947639,18.83944115921787
2018-01-01,231.66600036621094,236.63400268554688,222.2030029296875,229.0330047607422,229.0330047607422,633142016.0,229.0330047607422,3.798115082229955,22.126734334553298,20.88309162149303,86.21491595825863,50.64719805848109,19.0461677753762
2018-01-02,228.99000549316406,263.625,228.99000549316406,255.6840057373047,255.6840057373047,1237949952.0,255.6840057373047,4.240075702147376,42.07010627139087,29.3181603025199,87.35840669225473,51.334965361634346,19.27772105905019
2018-01-03,255.69500732421875,260.74200439453125,243.13499450683594,245.3679962158203,245.3679962158203,3215280128.0,245.3679962158203,4.06900257933301,38.0206406823052,34.07249376274978,88.39684164328654,51.994531926063644,19.500014498462416
2018-01-04,245.47500610351562,245.47500610351562,227.01300048828125,241.3699951171875,241.3699951171875,3481550080.0,241.3699951171875,4.00270266641281,40.57443354077782,40.22172683149129,89.42512303753628,52.64256520010021,19.718542183479762
2018-01-05,241.03399658203125,256.14801025390625,237.8800048828125,249.27099609375,249.27099609375,1710599936.0,249.27099609375,4.13372706180571,39.31616678675041,39.3037470032778,90.50785908933545,53.31373855969677,19.94425805213789
2018-01-06,249.76800537109375,323.114990234375,249.4149932861328,296.4540100097656,296.4540100097656,2264740096.0,296.4540100097656,4.916175499604847,76.79999309544944,52.230197807659216,91.87331542551843,54.11536253249808,20.213057896862292
2018-01-07,296.0530090332031,305.5270080566406,281.927001953125,288.45098876953125,288.45098876953125,1055400000.0,288.45098876953125,4.783459275112685,69.83587750530621,61.984012462502015,93.16464049959443,54.894801186862054,20.47464960350838
2018-01-08,287.7250061035156,289.0690002441406,237.6649932861328,255.76300048828125,255.76300048828125,1182080000.0,255.76300048828125,4.241385693060758,41.391253660573625,62.67570808710975,94.29132082162658,55.5845776812671,20.706411832217213
2018-01-09,254.6060028076172,258.50299072265625,240.1840057373047,247.03700256347656,247.03700256347656,940825024.0,247.03700256347656,4.096680154396887,33.79801401225425,48.341715059378025,95.38673394625305,56.24960519516305,20.930506519531008
2018-01-10,248.072998046875,251.0540008544922,233.85899353027344,250.51800537109375,250.51800537109375,1009910016.0,250.51800537109375,4.154406547493408,36.82713329035693,37.3388003210616,96.50797551056075,56.92337641585363,21.157715145420266
2018-01-11,251.52200317382812,255.04800415039062,223.0030059814453,229.36599731445312,229.36599731445312,1079389952.0,229.36599731445312,3.8036371860937237,18.42095584207965,29.682034381563607,97.49494160719908,57.54123725760473,21.365616302838607
2018-01-12,229.78700256347656,243.5919952392578,224.8209991455078,236.8560028076172,236.8560028076172,691160000.0,236.8560028076172,3.9278459343450494,24.93865240434376,26.728913845593443,98.53607932335692,58.1793008268696,21.5805157391448
2018-01-13,236.8820037841797,263.19500732421875,236.8820037841797,259.1929931640625,259.1929931640625,961043008.0,259.1929931640625,4.298266171607647,41.5190610644802,28.2928897703012,99.71853994150631,58.87875869829361,21.816165038875248
2018-01-14,260.5790100097656,270.85198974609375,234.27200317382812,238.6750030517578,238.6750030517578,886414976.0,238.6750030517578,3.9580108979889035,16.323135201307412,27.593616223377122,100.81007602045445,59.52197643240837,22.032961598705484
2018-01-15,237.28900146484375,245.00399780273438,232.7740020751953,232.7740020751953,232.7740020751953,601769984.0,232.7740020751953,3.860153033211951,9.760066356355393,22.534087540714335,101.85849734863949,60.14895769863912,22.244259984199314
2018-01-16,232.81700134277344,232.81700134277344,152.29299926757812,188.33099365234375,188.33099365234375,1405069952.0,188.33099365234375,3.123142833451262,21.096812056107243,15.726671204590014,102.65446069852902,60.654241133389405,22.41507056292878
2018-01-17,190.14500427246094,197.7899932861328,141.0070037841797,186.51600646972656,186.51600646972656,1422489984.0,186.51600646972656,3.0930444194713482,24.990119089583764,18.615665834015463,103.43158423835463,61.15445197314432,22.584187162412356
2018-01-18,186.94900512695312,207.01600646972656,176.8300018310547,192.83700561523438,192.83700561523438,936784000.0,192.83700561523438,3.197867225312784,28.4611360772086,24.849355740966534,104.26203564086246,61.672256919782455,22.759068647040625
2018-01-19,191.19200134277344,202.0749969482422,186.93800354003906,192.96400451660156,192.96400451660156,560284032.0,192.96400451660156,3.1999732817879774,28.530874315406034,27.32737649406613,105.07049631421032,62.190348411586186,22.934082760767307
2018-01-20,194.3780059814453,214.58799743652344,194.3780059814453,211.01800537109375,211.01800537109375,540785984.0,211.01800537109375,3.499367567828418,42.55470445464438,33.18223828241967,105.9735291277776,62.75782237118238,23.125539103599444
2018-01-21,211.23500061035156,211.23500061035156,184.63600158691406,190.42100524902344,190.42100524902344,463516000.0,190.42100524902344,3.1578020502557447,33.37385868507206,34.81981248504082,106.75966412903833,63.26882646769693,23.298143902870073
2018-01-22,191.7899932861328,195.24600219726562,166.88299560546875,180.00799560546875,180.00799560546875,494091008.0,180.00799560546875,2.985120348682181,30.03657902718614,35.321714055634196,107.50257175216258,63.75147045540483,23.461232528947804
2018-01-23,180.2790069580078,186.30599975585938,165.7259979248047,177.8070068359375,177.8070068359375,441764992.0,177.8070068359375,2.948620767977172,28.341489491594178,30.583975734617457,108.23154174304399,64.22810400806061,23.621929521538895
2018-01-24,178.4250030517578,186.2790069580078,173.718994140625,179.98699951171875,179.98699951171875,375948992.0,179.98699951171875,2.984772164889094,30.020408904331987,29.466159141037433,108.98425049078269,64.71084619874824,23.784247968512584
2018-01-25,181.56300354003906,185.42300415039062,176.3489990234375,180.27200317382812,180.27200317382812,363137984.0,180.27200317382812,2.9894984562315976,30.239904220225792,29.533934205383986,109.7385800262618,65.19456530335832,23.946979432672126
2018-01-26,179.81900024414062,182.89199829101562,167.08399963378906,176.73399353027344,176.73399353027344,375476992.0,176.73399353027344,2.9308267036503586,27.515109252330415,29.2584741256294,110.47406741699886,65.6682630388704,24.106475244047434
2018-01-27,176.66099548339844,183.1540069580078,174.87899780273438,180.88600158691406,180.88600158691406,291632992.0,180.88600158691406,2.999680554814477,30.71277454982484,29.489262674127016,111.2405778019806,66.15327707055496,24.26995833224902
2018-01-28,181.42100524902344,194.6790008544922,181.42100524902344,193.86500549316406,193.86500549316406,363515008.0,193.86500549316406,3.214914820025057,50.82647071467631,36.35145150561052,112.0752745456383,66.67385804424548,24.44525452901239
2018-01-29,193.75100708007812,194.38600158691406,179.23199462890625,181.66400146484375,181.66400146484375,303560992.0,181.66400146484375,3.0125823331997568,44.28384572684091,41.941030330447354,112.84708875645705,67.16101393895606,24.60942473128506
2018-01-30,181.44500732421875,181.51800537109375,163.03399658203125,165.2760009765625,165.2760009765625,433227008.0,165.2760009765625,2.740815773235375,32.98269836780028,42.69767160310584,113.51513957456162,67.60280777787509,24.758650759583738
2018-01-31,165.29600524902344,167.0679931640625,157.64500427246094,163.3509979248047,163.3509979248047,363292992.0,163.3509979248047,2.708892936909414,10.020536918218905,29.095693670953366,114.17259693666885,68.03917040237009,24.906182702926742
2018-02-01,163.6820068359375,165.81399536132812,131.54800415039062,142.2969970703125,142.2969970703125,539880000.0,142.2969970703125,2.3597488549450505,12.944356682308275,18.64919732277582,114.71994556364466,68.41785990179402,25.034420891983867
2018-02-02,142.56199645996094,142.56199645996094,105.34600067138672,131.37899780273438,131.37899780273438,815539968.0,131.37899780273438,2.178692776458532,23.83057606253475,15.59848988768731,115.20364773859743,68.7666098411769,25.152738004079147
2018-02-03,131.4010009765625,165.55499267578125,121.16600036621094,160.25,160.25,687676032.0,160.25,2.6574682656029003,51.850522113024326,29.541818285955785,115.84190074733046,69.19446584100592,25.29744818667843
2018-02-04,160.38099670410156,173.79600524902344,139.69400024414062,148.02499389648438,148.02499389648438,1006080000.0,148.02499389648438,2.454737745996694,47.4738515024518,41.05164989267029,116.39472037977208,69.58889596102989,25.431040665112675
2018-02-05,148.7270050048828,153.5240020751953,118.14700317382812,125.33000183105469,125.33000183105469,844678016.0,125.33000183105469,2.0783806714132993,22.37023397703743,40.56486919750452,116.83311929337965,69.92118933560097,25.543890520644513
2018-02-06,127.52100372314453,146.11399841308594,106.94400024414062,142.99099731445312,142.99099731445312,1148409984.0,142.99099731445312,2.3712576451174336,42.140078768098704,37.32805474919598,117.36424222018549,70.30186601273002,25.672848764728737
2018-02-07,142.48199462890625,157.8979949951172,131.5240020751953,138.2030029296875,138.2030029296875,817808000.0,138.2030029296875,2.2918570639417735,36.78036357331996,33.7635587728187,117.85370179473377,70.6694348701059,25.797432703514623
2018-02-08,138.33599853515625,151.08099365234375,138.33599853515625,149.46600341796875,149.46600341796875,869206976.0,149.46600341796875,2.478634389202787,49.38824695929774,42.769563100238805,118.40809579234306,71.06790838633498,25.932350085641694
2018-02-09,149.72999572753906,163.97999572753906,142.58599853515625,163.9499969482422,163.9499969482422,722204992.0,163.9499969482422,2.718826296634296,65.60173301773713,50.59011451678494,119.049900138313,71.50667936442649,26.080465900190344
2018-02-10,163.48800659179688,169.32899475097656,149.1439971923828,155.59300231933594,155.59300231933594,576328000.0,155.59300231933594,2.5802400375258268,56.246853396794194,57.07894445794303,119.64276135554078,71.92261304202145,26.22098239545953
2018-02-11,155.39199829101562,155.7310028076172,142.61099243164062,148.99000549316406,148.99000549316406,495720000.0,148.99000549316406,2.4707407893297053,49.01617741803778,56.954921277523034,120.20317723842267,72.32041278277357,26.355441249777737
2018-02-12,150.10400390625,163.34800720214844,150.10400390625,161.5659942626953,161.5659942626953,535710016.0,161.5659942626953,2.6792917476049487,73.80663514495218,59.689888653261384,120.83570834717464,72.75274600002864,26.50132646832836
2018-02-13,161.77499389648438,162.37399291992188,153.51100158691406,159.5540008544922,159.5540008544922,483468000.0,159.5540008544922,2.6459263271188207,79.19356692171172,67.33879316156722,121.45729031588861,73.17969424887879,26.64526830470725
2018-02-14,159.57899475097656,218.2310028076172,159.57899475097656,213.35899353027344,213.35899353027344,2383340032.0,213.35899353027344,3.5381887955549214,95.68409515423123,82.89476574029838,122.38653891724967,73.75390847741741,26.838434508837523
2018-02-15,212.3470001220703,237.8769989013672,211.1739959716797,225.42599487304688,225.42599487304688,2087289984.0,225.42599487304688,3.738299080293817,90.60521372764873,88.49429193453057,123.37711157043124,74.3610775594842,27.042662558925752
2018-02-16,225.5,236.08799743652344,212.32899475097656,230.12399291992188,230.12399291992188,1300089984.0,230.12399291992188,3.8162072283214905,94.07864628401116,93.45598505529703,124.39464923462582,74.9811794307134,27.251129109565525
2018-02-17,229.5019989013672,233.4510040283203,225.60299682617188,229.46499633789062,229.46499633789062,863401024.0,229.46499633789062,3.805278913164618,93.57533803567839,92.75306601577942,125.39018801913235,75.59935651674662,27.45901663129188
2018-02-18,230.50900268554688,232.6439971923828,214.45799255371094,215.73599243164062,215.73599243164062,1011120000.0,215.73599243164062,3.5776071989730576,83.0898194520923,90.24793459059396,126.32054863601435,76.1800276468878,27.65434926361798
2018-02-19,215.4149932861328,226.9669952392578,215.3769989013672,223.0570068359375,223.0570068359375,767596992.0,223.0570068359375,3.699013523163014,88.68123985747292,88.4487991150812,127.28681097395433,76.78083517257481,27.85636666713784
2018-02-20,223.08700561523438,253.8979949951172,222.5070037841797,232.8509979248047,232.8509979248047,1739670016.0,232.8509979248047,3.8614298758136365,82.80108659681876,84.85738196879466,128.2972754389862,77.40846075619737,28.06732747805173
2018-02-21,230.947998046875,235.41000366210938,208.9250030517578,213.3520050048828,213.3520050048828,1195820032.0,213.3520050048828,3.5380729029842573,64.91407968684372,78.79880204704513,129.20779404353576,77.98262164690723,28.260529126424224
2018-02-22,212.84100341796875,222.76800537109375,191.80999755859375,195.30799865722656,195.30799865722656,974379008.0,195.30799865722656,3.238844358502299,47.36416720459639,65.0264444960863,129.98407764122135,78.5072867942183,28.43723012061968
2018-02-23,194.1929931640625,216.1320037841797,184.07000732421875,209.3090057373047,209.3090057373047,1065680000.0,209.3090057373047,3.471026773490063,59.933336121278344,57.40386100423948,130.8536044469948,79.07020749457895,28.626709285718665
2018-02-24,210.63699340820312,220.3070068359375,197.88400268554688,209.4219970703125,209.4219970703125,937312000.0,209.4219970703125,3.472900538742833,60.03486759432109,55.777456973398614,131.71833230107208,79.63342743181202,28.816316278448934
2018-02-25,208.1320037841797,225.5489959716797,202.36500549316406,220.47500610351562,220.47500610351562,1028590016.0,220.47500610351562,3.6561955199918783,67.79872462656803,62.58897611405583,132.64032905870448,80.22698605158557,29.016010229228293
2018-02-26,222.13800048828125,234.41700744628906,218.73599243164062,220.96200561523438,220.96200561523438,1297080064.0,220.96200561523438,3.6642715620995645,67.19097936726189,65.00819052938367,133.5135706291824,80.82187724505386,29.216111220616728
2018-02-27,221.7100067138672,224.20899963378906,215.84100341796875,216.5989990234375,216.5989990234375,856454016.0,216.5989990234375,3.5919186662473557,60.454419708507444,65.14804123411245,134.356431283586,81.40488069416726,29.412237493741458
2018-02-28,217.2790069580078,223.50999450683594,202.70599365234375,202.89500427246094,202.89500427246094,761321984.0,202.89500427246094,3.3646616855128224,26.95909989124276,51.53483298900403,135.11997229153994,81.95042593903737,29.59580227392449
2018-03-01,203.11900329589844,214.697998046875,201.54200744628906,209.75,209.75,678542016.0,209.75,3.4783398983476337,36.77607436836342,41.39653132270454,135.91549526277134,82.5146755283826,29.78558665748056
2018-03-02,209.55499267578125,213.12899780273438,204.8800048828125,212.55599975585938,212.55599975585938,627142016.0,212.55599975585938,3.5248725367531613,40.79452005103745,34.84323143688121,136.6887242259875,83.08626941785421,29.9779154974576
2018-03-03,213.83799743652344,217.76300048828125,209.53700256347656,210.64300537109375,210.64300537109375,681865984.0,210.64300537109375,3.4931488433379276,38.0549389051771,38.541844441525996,137.3696165866539,83.65263156956189,30.16852052516589
2018-03-04,210.23599243164062,214.1199951171875,205.36399841308594,213.7989959716797,213.7989959716797,574675008.0,213.7989959716797,3.545485472776918,42.57460316281005,40.4746873730082,138.1060903372009,84.22774114739406,30.36202060370685
2018-03-05,213.74000549316406,215.97799682617188,209.24899291992188,211.1750030517578,211.1750030517578,594828992.0,211.1750030517578,3.5019711020196067,38.81680774660983,39.815449938198995,138.84014498601195,84.79561359392453,30.55314131882637
2018-03-06,210.51300048828125,210.51300048828125,193.15699768066406,196.6009979248047,196.6009979248047,661078016.0,196.6009979248047,3.260286508399564,24.407852540763912,35.26642115006126,139.55815151610662,85.32350290311525,30.730940860264923
2018-03-07,196.8260040283203,199.27499389648438,175.64700317382812,185.83900451660156,185.83900451660156,755924992.0,185.83900451660156,3.0818175164686594,17.34218240911259,26.85561423216211,140.1840761320187,85.82218105237779,30.89892912008991
2018-03-08,185.697998046875,188.14700317382812,176.1739959716797,176.51100158691406,176.51100158691406,612508992.0,176.51100158691406,2.927128769092089,1.4701350183341724,14.40672332273689,140.71083404457633,86.29542763200524,31.05835078361372
2018-03-09,176.4810028076172,189.9149932861328,160.42599487304688,187.16799926757812,187.16799926757812,943363968.0,187.16799926757812,3.1038565890170093,36.14223331253899,18.31818357999525,141.30473404764479,86.79770045215136,31.22744570540511
2018-03-10,188.11300659179688,194.6479949951172,176.53599548339844,177.73199462890625,177.73199462890625,625808000.0,177.73199462890625,2.9473768206466366,23.389326830374866,20.333898387082673,141.90548374613778,87.27435750569383,31.387907545316164
2018-03-11,177.51300048828125,193.4770050048828,172.47000122070312,188.9459991455078,188.9459991455078,669377984.0,188.9459991455078,3.1333416327102634,38.54522769806613,32.69226261365999,142.57727007006037,87.7816122976068,31.558595407607893
2018-03-12,189.01600646972656,193.33999633789062,175.875,178.23399353027344,178.23399353027344,567628992.0,178.23399353027344,2.9557016016123203,27.91966092539311,29.951405151278028,143.21454053368075,88.25939701942548,31.719532424456453
2018-03-13,177.5970001220703,181.8699951171875,172.2570037841797,175.78199768066406,175.78199768066406,468094016.0,175.78199768066406,2.915039503904196,24.342151570542146,30.269013398000457,143.81422411809203,88.72956539702741,31.87824105247515
2018-03-14,175.93699645996094,177.5469970703125,158.6300048828125,161.1009979248047,161.1009979248047,480652992.0,161.1009979248047,2.6715805899664717,4.178704320137072,18.813505605357438,144.34355359520418,89.15982788425602,32.02352157107227
2018-03-15,161.20199584960938,167.33200073242188,151.47900390625,164.4759979248047,164.4759979248047,564609024.0,164.4759979248047,2.727549110380886,19.60804219532835,16.042966028669184,144.90500659629947,89.59904741261103,32.171871267715
2018-03-16,164.81700134277344,171.25799560546875,158.99099731445312,165.4499969482422,165.4499969482422,436628000.0,165.4499969482422,2.7437011945962575,21.077475352141857,14.954740622535754,145.58186505010218,90.04072658199154,32.32115697272836
2018-03-17,165.18800354003906,165.21800231933594,151.05799865722656,152.968994140625,152.968994140625,403808992.0,152.968994140625,2.536725413727968,2.943616046361148,14.543044531277113,146.15430435847716,90.44870985370792,32.459263323540014
2018-03-18,152.53700256347656,156.1540069580078,138.01800537109375,154.07400512695312,154.07400512695312,595955008.0,154.07400512695312,2.5550501040824742,20.595178958057115,14.87209011885337,146.73253225107663,90.85996022420387,32.59836370270002
2018-03-19,155.47500610351562,163.0489959716797,151.66299438476562,161.14199829101562,161.14199829101562,504832992.0,161.14199829101562,2.672260509917072,31.897364614677397,18.47871987303188,147.3481158480618,91.29060567176505,32.743911454557825
2018-03-20,161.52099609375,173.3000030517578,156.81500244140625,168.81700134277344,168.81700134277344,492892000.0,168.81700134277344,2.799537121763885,50.278338379160935,34.25696065063181,147.96719564635896,91.74206784000135,32.89648708132304
2018-03-21,169.5570068359375,175.26100158691406,166.61500549316406,169.052001953125,169.052001953125,462536000.0,169.052001953125,2.803434199232881,54.80134605016082,45.65901634799971,148.60225958902328,92.1942398450146,33.049230717850605
2018-03-22,168.72300720214844,172.30599975585938,161.11300659179688,163.6719970703125,163.6719970703125,404996992.0,163.6719970703125,2.714216150903004,45.30107080990153,50.12691841307443,149.21394373158938,92.63187137107326,33.19707897090476
2018-03-23,163.57699584960938,167.83200073242188,157.26300048828125,167.83200073242188,167.83200073242188,348056000.0,167.83200073242188,2.7832025953139086,52.647008341814185,50.91647506729217,149.87638198352252,93.08078087976534,33.348841903089934
2018-03-24,168.53399658203125,168.6529998779297,159.63099670410156,159.63099670410156,159.63099670410156,290270016.0,159.63099670410156,2.647203169720506,38.9711164567055,45.639731869473735,150.48589397909862,93.50693714455383,33.4930956534599
2018-03-25,158.86399841308594,162.7209930419922,157.52000427246094,160.08399963378906,160.08399963378906,241431008.0,160.08399963378906,2.654715437488803,39.88647891566099,43.834867904726885,151.09142622400503,93.93437106119443,33.63774269421895
2018-03-26,160.1649932861328,160.99400329589844,143.1230010986328,149.2209930419922,149.2209930419922,407135008.0,149.2209930419922,2.4745713171347608,25.547273306786217,34.8016228930509,151.6466321893077,94.33207038461346,33.77247717184563
2018-03-27,148.96099853515625,149.62100219726562,135.7790069580078,135.7790069580078,135.7790069580078,385104000.0,135.7790069580078,2.251659295637948,0.0,21.811250740815726,152.10673550048162,94.69290251274631,33.89492041106638
2018-03-28,135.49000549316406,140.125,131.03399658203125,131.7469940185547,131.7469940185547,328374016.0,131.7469940185547,2.1847953553378106,1.612131403527596,9.05313490343793,152.54498793388325,95.04246775614072,34.01372526410508
2018-03-29,131.9250030517578,132.61000061035156,113.93399810791016,114.67900085449219,114.67900085449219,476804000.0,114.67900085449219,1.9017522964234688,1.214803763952192,0.9423117224932556,152.86409121654071,95.3451885798206,34.11693021467287
2018-03-30,114.80400085449219,124.9020004272461,110.25700378417969,118.5979995727539,118.5979995727539,468439008.0,118.5979995727539,1.9667420919100143,12.831512015440005,5.219482394306591,153.2166201690507,95.65098959256525,34.22372966629185
2018-03-31,118.63700103759766,123.87200164794922,116.18399810791016,116.60700225830078,116.60700225830078,295439008.0,116.60700225830078,1.933724855216974,9.7686276056301,7.938314461674092,153.56625951964998,95.9521949140993,34.32869986921685
2018-04-01,116.90499877929688,117.83300018310547,110.52300262451172,115.22200012207031,115.22200012207031,274182016.0,115.22200012207031,1.9107569973397527,7.6379861327264,10.079375251265494,153.894563351824,96.24901266751225,34.432393193571535
2018-04-02,115.23699951171875,121.41600036621094,114.71900177001953,119.30599975585938,119.30599975585938,271703008.0,119.30599975585938,1.978483046784547,13.920676077708938,10.442429938688472,154.2484578825737,96.55466061160989,34.53979729375883
2018-04-03,119.50900268554688,136.44700622558594,118.58399963378906,134.47000122070312,134.47000122070312,375408992.0,134.47000122070312,2.2299517062065632,37.248474332304724,19.602378847580013,154.69159450426778,96.90096039706714,34.66105953231794
2018-04-04,133.9080047607422,134.61000061035156,116.58300018310547,118.41200256347656,118.41200256347656,380351008.0,118.41200256347656,1.9636576541586785,13.142837610166918,21.437329340060188,155.0525912300485,97.20266626697698,34.76764508719858
2018-04-05,118.20899963378906,121.28700256347656,114.46800231933594,119.13099670410156,119.13099670410156,294022016.0,119.13099670410156,1.975580924747542,15.196235210502113,21.862515717657914,155.42270868853794,97.49865803914527,34.8748999974499
2018-04-06,118.81500244140625,119.93399810791016,112.78700256347656,113.15499877929688,113.15499877929688,233190000.0,113.15499877929688,1.8764793656806011,4.9626604373092515,11.10057775265942,155.75869502917013,97.78058488401648,34.97671422468473
2018-04-07,113.13500213623047,119.37999725341797,113.09500122070312,116.26000213623047,116.26000213623047,211470000.0,116.26000213623047,1.9279704601307823,11.442130949195528,10.533675532335623,156.10918630798005,98.07342993070002,35.08140144119524
2018-04-08,116.29100036621094,118.55000305175781,115.9469985961914,117.6709976196289,117.6709976196289,194664000.0,117.6709976196289,1.9513693725803323,14.612598117349854,10.339129834618204,156.4648529636404,98.36864852643993,35.18741519244294
2018-04-09,117.78299713134766,122.4260025024414,113.32499694824219,114.98999786376953,114.98999786376953,260171008.0,114.98999786376953,1.9069096423383014,12.023661900200755,12.692796988915374,156.8028168808567,98.6598270128851,35.29103433204024
2018-04-10,115.21299743652344,115.4000015258789,112.51799774169922,114.26300048828125,114.26300048828125,202879008.0,114.26300048828125,1.8948536519823784,13.412338327469348,13.349532781673313,157.15308463508313,98.94844608306884,35.39405158360799
2018-04-11,114.28900146484375,119.09400177001953,113.33000183105469,118.29100036621094,118.29100036621094,230068992.0,118.29100036621094,1.961651042618575,30.675814559411975,18.703938262360683,157.5223409308762,99.24827394616113,35.50074430535373
2018-04-12,118.29199981689453,129.3350067138672,113.5510025024414,129.3350067138672,129.3350067138672,587510976.0,129.3350067138672,2.144796729944712,72.84460157027432,38.97758481905188,157.9510158267829,99.5730668420661,35.61760102385255
2018-04-13,129.2740020751953,133.0399932861328,124.05599975585938,125.35399627685547,125.35399627685547,458040000.0,125.35399627685547,2.078778577673931,57.20950313295433,53.57663975421354,158.30755350498555,99.88869559928162,35.7308206734592
2018-04-14,125.2239990234375,129.33900451660156,124.76699829101562,126.29399871826172,126.29399871826172,258806000.0,126.29399871826172,2.094366887549915,60.83549569132328,63.62986679818397,158.6729365489522,100.20624080030885,35.8448946448766
2018-04-15,126.66899871826172,132.0449981689453,126.66899871826172,132.0449981689453,132.0449981689453,274427008.0,132.0449981689453,2.189737237226616,81.60388442502813,66.54962774976856,159.04503927595627,100.53843367328382,35.964185556429165
2018-04-16,131.96800231933594,132.62600708007812,125.23799896240234,128.3350067138672,128.3350067138672,290855008.0,128.3350067138672,2.1282134646367377,66.09972570664098,69.51303527433079,159.38857811265956,100.86068054094706,36.08009959911102
2018-04-17,128.7100067138672,139.6529998779297,128.7100067138672,132.92799377441406,132.92799377441406,532336000.0,132.92799377441406,2.20438018761788,75.21648950034006,74.30669987733638,159.7618354422147,101.19631449555698,36.20020741991801
2018-04-18,132.3769989013672,140.85299682617188,132.3769989013672,139.9969940185547,139.9969940185547,381161984.0,139.9969940185547,2.3216072941286,96.97899122895589,79.43173547864563,160.2018244800672,101.55159365771569,36.326789907559956
2018-04-19,140.04100036621094,146.86700439453125,138.95799255371094,146.3000030517578,146.3000030517578,408736000.0,146.3000030517578,2.4261317651647665,98.34929333327113,90.18159135418902,160.66941575013874,101.92595509045745,36.459110494835734
2018-04-20,146.50100708007812,155.7239990234375,143.843994140625,155.53700256347656,155.53700256347656,491945984.0,155.53700256347656,2.579311378717229,99.56719794840173,98.2984941702096,161.1928982760737,102.32376907035096,36.59985307253659
2018-04-21,155.68499755859375,156.61000061035156,142.17799377441406,148.9340057373047,148.9340057373047,482924000.0,148.9340057373047,2.469812130521108,82.59095896388912,93.50248341518731,161.67706988808888,102.7010463453319,36.73453783575258
2018-04-22,148.60800170898438,152.22999572753906,145.31399536132812,146.7740020751953,146.7740020751953,338735008.0,146.7740020751953,2.433992216726151,77.69210311344406,86.61675334191163,162.16107098522082,103.06737347433013,36.86724308876142
2018-04-23,146.6719970703125,152.76800537109375,146.6699981689453,152.2519989013672,152.2519989013672,376060000.0,152.2519989013672,2.524835291450801,90.11611760534757,83.46639322756023,162.68262344110207,103.44631292264755,37.00498986396615
2018-04-24,152.5749969482422,165.9429931640625,152.5749969482422,165.781005859375,165.781005859375,643558016.0,165.781005859375,2.749190403188877,99.69211538712517,89.16677870197225,163.2884201925309,103.85950608972001,37.1551068464915
2018-04-25,165.08700561523438,165.08700561523438,142.59300231933594,144.76400756835938,144.76400756835938,613467008.0,144.76400756835938,2.40065994455172,59.57590973687235,83.12804757644835,163.7736705092133,104.21444090490472,37.28610487169327
2018-04-26,144.69900512695312,153.822998046875,142.64300537109375,153.6790008544922,153.6790008544922,412436992.0,153.6790008544922,2.548499643434471,70.72123990840427,76.66308834413393,164.30473444370625,104.59479953818125,37.42518753918338
2018-04-27,153.44400024414062,153.61900329589844,145.90499877929688,145.90499877929688,145.90499877929688,386742016.0,145.90499877929688,2.419581304516764,51.33573712900823,60.544295591428266,164.7974502897002,104.95447898760234,37.55718843305492
2018-04-28,145.74200439453125,153.3260040283203,145.74200439453125,152.29600524902344,152.29600524902344,337116992.0,152.29600524902344,2.5255650603892197,66.4734311287963,62.84346938873625,165.32730604911762,105.33243653545641,37.695028328242365
2018-04-29,152.1649932861328,155.62100219726562,148.89700317382812,153.63099670410156,153.63099670410156,388081984.0,153.63099670410156,2.5477035778726593,69.75310597278308,62.52075807686253,165.8679459160143,105.71021433529789,37.83401568600032
2018-04-30,153.64700317382812,154.08099365234375,147.87100219726562,148.4770050048828,148.4770050048828,341396992.0,148.4770050048828,2.462233566129417,53.09001553624215,63.105517545940494,166.36723884207302,106.07397160987331,37.96832656729711
2018-05-01,148.343994140625,148.5449981689453,143.93899536132812,148.48800659179688,148.48800659179688,342152000.0,148.48800659179688,2.4624160083640216,47.99800525597775,56.94704225500098,166.8705039102523,106.43717792981292,38.10263385184824
2018-05-02,148.44500732421875,152.88699340820312,146.98399353027344,151.57699584960938,151.57699584960938,354656992.0,151.57699584960938,2.5136415367598093,46.763027646765124,49.28368281299499,167.39412628757498,106.80890942403715,38.23975193021504
2018-05-03,151.85899353027344,163.9969940185547,151.01199340820312,161.45899963378906,161.45899963378906,617984000.0,161.45899963378906,2.677517427287268,81.13194342337506,58.63099210870596,167.9858104309749,107.19361188705653,38.385917537179715
2018-05-04,160.468994140625,170.3780059814453,157.93699645996094,168.78799438476562,168.78799438476562,633054976.0,168.78799438476562,2.799056091683464,94.36166344536815,74.08554483850277,168.60903826437362,107.59195269231927,38.53877722150114
2018-05-05,168.35000610351562,181.6280059814453,168.35000610351562,177.76199340820312,177.76199340820312,741246016.0,177.76199340820312,2.9478742983626316,90.09603635058741,88.52988107311019,169.27341309010657,108.0070077451941,38.69984853964418
2018-05-06,178.02099609375,182.88299560546875,166.1750030517578,171.8000030517578,171.8000030517578,626270016.0,171.8000030517578,2.849005030518114,72.49194738008177,85.64988239201243,169.91146118914494,108.40054254923781,38.855414588048575
2018-05-07,171.75900268554688,171.91700744628906,158.92999267578125,164.87899780273438,164.87899780273438,573281024.0,164.87899780273438,2.734232164275675,55.313971697952425,72.63398514287385,170.51327866934687,108.76927651705807,39.004636430740355
2018-05-08,164.8300018310547,167.9810028076172,158.1580047607422,159.61700439453125,159.61700439453125,466308992.0,159.61700439453125,2.6469711315386304,42.25367314979104,56.6865307426084,171.08400711726622,109.12724584292059,39.14908272697501
2018-05-09,159.61700439453125,159.61700439453125,152.59800720214844,157.05499267578125,157.05499267578125,448136000.0,157.05499267578125,2.6044846114844593,35.815086486716055,44.46091044481983,171.60728467097047,109.46552527440737,39.291198026208576
2018-05-10,157.1510009765625,160.33599853515625,149.33700561523438,149.86900329589844,149.86900329589844,426694016.0,149.86900329589844,2.485317443097576,15.227012883614904,31.098590840040654,172.08431145923385,109.78855788871033,39.42675206574131
2018-05-11,149.44500732421875,149.44500732421875,134.7259979248047,137.11700439453125,137.11700439453125,530416000.0,137.11700439453125,2.2738476621092056,4.965023952659317,18.66904110766341,172.48238416577948,110.08006283485726,39.55065287346165
2018-05-12,137.2570037841797,144.41900634765625,132.58799743652344,141.8820037841797,141.8820037841797,410184992.0,141.8820037841797,2.3528669111800817,18.47898734668777,12.89034139432065,172.93386997160366,110.39356174730275,39.67889998198644
2018-05-13,141.79800415039062,147.24600219726562,137.65499877929688,144.58799743652344,144.58799743652344,383224000.0,144.58799743652344,2.397741121838593,23.859231408441346,15.767747569262797,173.3835131327311,110.71048228642712,39.8096216508787
2018-05-14,144.62399291992188,152.15499877929688,136.07200622558594,147.71400451660156,147.71400451660156,584222016.0,147.71400451660156,2.4495805266021353,30.07457526744218,24.137598007523753,173.86825959669437,111.03601928606425,39.943192166389395
2018-05-15,147.48800659179688,149.38299560546875,138.57000732421875,139.8800048828125,139.8800048828125,415984992.0,139.8800048828125,2.3196672322524363,14.498474424424016,22.81076036676917,174.297131210077,111.3497582056751,40.06961579638529
2018-05-16,139.64999389648438,140.6510009765625,135.27699279785156,139.26800537109375,139.26800537109375,351689984.0,139.26800537109375,2.3095182819812536,13.281654593428115,19.28490142843142,174.71564708772252,111.66740287885274,40.19547320773068
2018-05-17,139.5590057373047,141.16600036621094,131.95199584960938,132.7729949951172,132.7729949951172,320248992.0,132.7729949951172,2.2018098017383876,1.611983172219902,9.797370730023998,175.09241973376666,111.9615634134371,40.31540619858868
2018-05-18,132.70399475097656,137.05499267578125,129.7030029296875,136.0570068359375,136.0570068359375,371688000.0,136.0570068359375,2.2562694413692403,11.948109780661333,8.947249182103102,175.4475935222021,112.25663028351248,40.438332058741075
2018-05-19,135.96499633789062,137.50100708007812,133.87100219726562,135.32000732421875,135.32000732421875,310963008.0,135.32000732421875,2.2440475829345607,10.56225116234229,8.040781371741161,175.81781760460692,112.55148646733532,40.560579380488285
2018-05-20,135.27200317382812,140.31500244140625,133.79400634765625,139.697998046875,139.697998046875,324983008.0,139.697998046875,2.31664896460422,23.676965101135465,15.39577534804635,176.20062797838222,112.85886180302869,40.686807634405895
2018-05-21,139.6439971923828,139.6439971923828,133.9340057373047,134.50900268554688,134.50900268554688,308376992.0,134.50900268554688,2.230598477845467,12.55551431941567,15.598243527631128,176.54445147905193,113.15532975392799,40.807973572979236
2018-05-22,134.25999450683594,135.60499572753906,128.33200073242188,128.67599487304688,128.67599487304688,294447008.0,128.67599487304688,2.133868161747292,1.074847407331123,12.43577560929407,176.85277494837027,113.43832973846017,40.92385442670622
2018-05-23,128.80799865722656,129.33200073242188,117.3499984741211,119.31400299072266,119.31400299072266,373329984.0,119.31400299072266,1.9786157665516069,4.5689399195386935,6.066433882095147,177.1220957438151,113.67723906530092,41.03114468517913
2018-05-24,119.19499969482422,124.37100219726562,115.88999938964844,122.61299896240234,122.61299896240234,345857984.0,122.61299896240234,2.0333238919999097,18.5385349121857,8.060774079685158,177.39925530438867,113.91877221407955,41.141473159071516
2018-05-25,122.55899810791016,124.2020034790039,117.82099914550781,119.44200134277344,119.44200134277344,297743008.0,119.44200134277344,1.9807383971826482,9.794573315611006,10.96734938244512,177.65181598767558,114.16409221805938,41.24889296853923
2018-05-26,119.3499984741211,122.2509994506836,117.86799621582031,118.2770004272461,118.2770004272461,275851008.0,118.2770004272461,1.9614188779164254,6.58210692891672,11.638405052237793,177.8720821109626,114.42307495744261,41.35522354422095
2018-05-27,118.50399780273438,118.8479995727539,116.98600006103516,117.99199676513672,117.99199676513672,258727008.0,117.99199676513672,1.956692586573921,5.79621511337535,7.390965119301011,178.03150885743523,114.68131248265097,41.461297742199136
2018-05-28,117.93000030517578,119.08300018310547,111.47599792480469,111.5979995727539,111.5979995727539,295723008.0,111.5979995727539,1.8506592347541937,0.32184466038957876,4.2333889008938685,178.17178861691,114.92070261811557,41.56154125781909
2018-05-29,111.84400177001953,121.96299743652344,110.90299987792969,119.56800079345703,119.56800079345703,350520000.0,119.56800079345703,1.9828278795019934,28.63232586234367,11.58346187870285,178.32460447217596,115.17921084051262,41.66907996173319
2018-05-30,119.54000091552734,122.3759994506836,116.01699829101562,117.53299713134766,117.53299713134766,305275008.0,117.53299713134766,1.9490808738705343,21.907930960068896,16.9540338276007,178.44208643345235,115.4350765855345,41.77492098198634
2018-05-31,117.31800079345703,120.59400177001953,116.63800048828125,118.0739974975586,118.0739974975586,297183008.0,118.0739974975586,1.9580524264751216,24.3811947321593,24.97381718485728,178.61969844630508,115.68925849705526,41.8812753085132
2018-06-01,118.02799987792969,120.19599914550781,117.11599731445312,119.91500091552734,119.91500091552734,290886016.0,119.91500091552734,1.988582274588185,30.640555732810387,25.643227141679514,178.79229023417489,115.93887932137267,41.98926163808396
2018-06-02,119.8280029296875,123.89399719238281,118.95500183105469,123.30699920654297,123.30699920654297,310800000.0,123.30699920654297,2.044832682172293,42.17325665548664,32.39833570681876,178.92509514647102,116.19740616785337,42.10032996608786
2018-06-03,123.28500366210938,127.36799621582031,122.36599731445312,125.5,125.5,322787008.0,125.5,2.081199796150789,50.788077958345056,41.20063011554735,179.06288751487523,116.46545822457091,42.213418230945116
2018-06-04,125.21099853515625,126.32599639892578,118.72799682617188,119.90299987792969,119.90299987792969,299780992.0,119.90299987792969,1.988383258197732,36.43430293970486,43.13187918451217,179.16474543503725,116.7174135652307,42.321310860925614
2018-06-05,119.89600372314453,122.00599670410156,116.44200134277344,121.70099639892578,121.70099639892578,300892000.0,121.70099639892578,2.0181999115282254,58.592414240211035,48.60493171275363,179.26018257349565,116.96633876121207,42.43084619099691
2018-06-06,121.88800048828125,122.13800048828125,118.55599975585938,121.18299865722656,121.18299865722656,324158016.0,121.18299865722656,2.0096098175486956,62.435475649877205,52.487397609931016,179.3628382865197,117.21464560521792,42.53993520344773
2018-06-07,121.33899688720703,123.1780014038086,119.62100219726562,121.4260025024414,121.4260025024414,365670016.0,121.4260025024414,2.013639614784751,63.91135721236273,61.64641570081698,179.4779967844812,117.46952588852137,42.649195059575995
2018-06-08,121.51599884033203,121.94599914550781,118.70500183105469,120.08399963378906,120.08399963378906,285831008.0,120.08399963378906,1.9913848251698267,55.76071544414067,60.70251610212686,179.59707658277836,117.7157508170768,42.75722079440339
2018-06-09,120.10800170898438,121.0250015258789,117.74099731445312,117.74099731445312,117.74099731445312,242235008.0,117.74099731445312,1.9525301960910795,41.53051295120708,53.73419520257014,179.55825142782243,117.95700943829262,42.863140207447415
2018-06-10,117.56199645996094,117.56199645996094,104.08200073242188,107.04399871826172,107.04399871826172,399889984.0,107.04399871826172,1.7751390303714074,12.720083141610056,36.67043717898592,179.29487434762424,118.16687874989967,42.95926060807215
2018-06-11,106.54100036621094,108.84700012207031,104.1240005493164,107.51599884033203,107.51599884033203,331430016.0,107.51599884033203,1.7829663336210957,14.747053053232777,22.999216382016623,179.07004372018284,118.37043956599824,43.05580289929969
2018-06-12,107.4280014038086,108.05799865722656,99.37460327148438,100.75199890136719,100.75199890136719,333163008.0,100.75199890136719,1.670797128090119,4.920431162530831,10.795855785791206,178.45009287849803,118.5656409328931,43.14611382985224
2018-06-13,100.79900360107422,100.947998046875,91.28849792480469,94.07559967041016,94.07559967041016,360492992.0,94.07559967041016,1.560080628341202,7.724890526816172,9.130791580859913,177.23652240357112,118.73942914988896,43.230198514407085
2018-06-14,93.99369812011719,102.41699981689453,93.61160278320312,101.15399932861328,101.15399932861328,367742016.0,101.15399932861328,1.6774636078290601,27.343787666430114,13.329703118592358,176.1357137127652,118.93375599482287,43.32073344531125
2018-06-15,101.11499786376953,101.11499786376953,95.59950256347656,96.6760025024414,96.6760025024414,293284992.0,96.6760025024414,1.6032037984123844,14.932315671857038,16.66699795503443,175.1376153497748,119.11582695947935,43.406395009228085
2018-06-16,96.57839965820312,98.34639739990234,93.97059631347656,97.5770034790039,97.5770034790039,259324992.0,97.5770034790039,1.6181453366494645,17.429581485519595,19.901894941268903,174.03268645239658,119.28535162520735,43.4928684188895
2018-06-17,97.71759796142578,98.6572036743164,95.53299713134766,96.10260009765625,96.10260009765625,242331008.0,96.10260009765625,1.5936949142056016,13.739856960414246,15.367251372596945,172.9241105793604,119.41810970567677,43.57780680264512
2018-06-18,95.77349853515625,99.81340026855469,93.91000366210938,98.81900024414062,98.81900024414062,282937984.0,98.81900024414062,1.6387416985173726,23.614360519266256,18.26126632173335,171.72247126845062,119.56270532477392,43.66548872059339
2018-06-19,98.72730255126953,100.81999969482422,97.39830017089844,98.83769989013672,98.83769989013672,284982016.0,98.83769989013672,1.639051799708091,23.672999393993187,20.34240562455788,170.30444777858713,119.69562806429929,43.752978939770564
2018-06-20,98.956298828125,99.20459747314453,95.96710205078125,97.99349975585938,97.99349975585938,261392000.0,97.99349975585938,1.6250522049083422,21.025732920141795,22.771030944467068,168.92598061483415,119.83474340569484,43.83971057417186
2018-06-21,97.8812026977539,98.86949920654297,96.36489868164062,96.92549896240234,96.92549896240234,261544000.0,96.92549896240234,1.6073412644013172,18.38702051095726,21.028584275030735,167.73638770098242,119.96936806456684,43.925461294661915
2018-06-22,96.94110107421875,97.12370300292969,81.3958969116211,85.07589721679688,85.07589721679688,458636992.0,85.07589721679688,1.4108361748601048,9.286105101278986,16.232952844126,166.46651825618224,120.07173244528575,44.0004397122283
2018-06-23,85.09300231933594,86.36119842529297,81.64299774169922,82.60369873046875,82.60369873046875,439203008.0,82.60369873046875,1.3698390514673526,3.3395965667608154,10.337574059665673,165.47018870369334,120.1683576505478,44.073339318358194
2018-06-24,82.73909759521484,83.38860321044922,74.28810119628906,80.777099609375,80.777099609375,449884992.0,80.777099609375,1.3395480736309422,18.776635294491648,10.467445654177135,164.33636962390338,120.26776943468067,44.144505317897014
2018-06-25,80.3666000366211,86.0728988647461,79.02050018310547,81.8333969116211,81.8333969116211,458366016.0,81.8333969116211,1.357064932038187,22.34325918241199,14.819830347888137,163.27545916447875,120.37162969928899,44.2166269223984
2018-06-26,81.81520080566406,82.497802734375,76.85369873046875,76.86669921875,76.86669921875,258432992.0,76.86669921875,1.274700866492801,9.167077805783757,16.76232409422912,162.20156126595586,120.46953352836714,44.283990876097654
2018-06-27,76.93199920654297,81.33930206298828,75.86299896240234,80.65969848632812,80.65969848632812,274128000.0,80.65969848632812,1.3376011796600018,22.651428255252164,18.053921747815956,161.07672902925418,120.57944640068159,44.35463368751142
2018-06-28,80.62570190429688,81.03910064697266,74.43920135498047,74.92980194091797,74.92980194091797,263414000.0,74.92980194091797,1.242580785060219,2.3920051304583994,11.403503730498093,159.99889182002167,120.66733764230389,44.419650401590076
2018-06-29,74.80889892578125,80.17849731445312,73.17269897460938,78.7688980102539,78.7688980102539,309339008.0,78.7688980102539,1.3062455337208185,20.24139387883449,15.094942421515006,159.06358529179474,120.77063517113254,44.487853267312595
2018-06-30,78.94660186767578,83.24430084228516,78.94660186767578,81.3740005493164,81.3740005493164,276550016.0,81.3740005493164,1.3494466402805698,29.664022747473844,17.43247391892223,158.16671098386004,120.88301790838372,44.55858361492418
2018-07-01,81.50399780273438,81.60749816894531,78.36109924316406,80.2428970336914,80.2428970336914,343401984.0,80.2428970336914,1.330689250590178,25.572833061104312,25.159416562470867,157.40867764832544,120.9960444724723,44.628152132687504
2018-07-02,80.2677001953125,86.2708969116211,78.68820190429688,85.2571029663086,85.2571029663086,302471008.0,85.2571029663086,1.413841157879588,43.709163921610184,32.98200657672943,156.60627934190094,121.11574174018756,44.70225422654522
2018-07-03,85.38780212402344,89.27680206298828,84.73490142822266,85.10130310058594,85.10130310058594,343900992.0,85.10130310058594,1.4112574873713624,45.82302795413787,38.36834164561744,155.81976731097112,121.22170366261103,44.77621566302156
2018-07-04,85.17279815673828,89.11620330810547,84.02140045166016,85.49400329589844,85.49400329589844,282222016.0,85.49400329589844,1.4177697388967228,47.94878821518522,45.82699336364441,154.8897672976301,121.30433271225185,44.84976934624589
2018-07-05,85.6531982421875,86.67050170898438,82.54190063476562,83.76000213623047,83.76000213623047,306121984.0,83.76000213623047,1.3890143376216137,44.20400559868965,45.99194058933756,154.00666350484545,121.38807381407855,44.92131525675456
2018-07-06,83.8373031616211,84.59649658203125,81.32140350341797,83.37809753417969,83.37809753417969,253160000.0,83.37809753417969,1.3826811122834692,63.37141847368554,51.841404095853456,153.14331980220607,121.47642394810507,44.99267915394753
2018-07-07,83.404296875,86.20189666748047,80.7020034790039,86.20189666748047,86.20189666748047,238936992.0,86.20189666748047,1.4295089224874242,80.90607481439476,62.82716629558996,152.25223182719913,121.58498941708918,45.065593105037465
2018-07-08,86.26229858398438,86.6781005859375,82.18199920654297,82.39600372314453,82.39600372314453,239655008.0,82.39600372314453,1.3663947900577535,57.273011094861324,67.18350146098052,151.08251594585147,121.66788668697828,45.13395754670444
2018-07-09,82.54409790039062,83.25779724121094,80.74800109863281,80.85759735107422,80.85759735107422,263326000.0,80.85759735107422,1.3408829890382332,47.720126568305716,61.966404159187256,149.94812582881073,121.75357736038835,45.20368574525668
2018-07-10,80.78230285644531,80.88269805908203,75.38349914550781,76.08350372314453,76.08350372314453,321614016.0,76.08350372314453,1.261712927801165,18.074926200861572,41.022687954676194,148.96627065523074,121.83441873837823,45.2691740410513
2018-07-11,76.12989807128906,80.7968978881836,76.07430267333984,78.69989776611328,78.69989776611328,284915008.0,78.69989776611328,1.3051012843659195,34.32168038897156,33.37224438604627,148.04639576562766,121.92584092649695,45.33621755495464
2018-07-12,78.59410095214844,78.59410095214844,75.31060028076172,76.80860137939453,76.80860137939453,267396992.0,76.80860137939453,1.2737374146089493,22.577490871931314,24.991365820588133,147.09716404982603,122.00271051485244,45.402088514963786
2018-07-13,77.29209899902344,78.43460083007812,76.10759735107422,76.94249725341797,76.94249725341797,256038000.0,76.94249725341797,1.275957845411523,11.684615460253537,22.861262240385457,146.26424874894607,122.08658639568172,45.46810916090665
2018-07-14,76.97329711914062,77.54180145263672,76.17849731445312,76.72239685058594,76.72239685058594,197776000.0,76.72239685058594,1.2723078620369674,10.108665131996561,14.790257154727124,145.38920172185846,122.17951707186764,45.53432679285198
2018-07-15,76.70459747314453,79.64920043945312,76.0155029296875,78.93900299072266,78.93900299072266,230467008.0,78.93900299072266,1.3090664297421397,25.979881764120407,15.92438745212349,144.40420724003692,122.28914748936484,45.603047544444536
2018-07-16,78.95960235595703,84.59590148925781,78.21479797363281,84.59590148925781,84.59590148925781,307904000.0,84.59590148925781,1.4028762783636304,66.48408316935962,34.19087668849218,143.5622449364167,122.40882694819202,45.67684580158425
2018-07-17,84.30149841308594,90.30970001220703,82.99949645996094,89.80609893798828,89.80609893798828,341836000.0,89.80609893798828,1.4892783649628591,96.64245799257564,63.03547430868522,142.78099956408224,122.53796776549457,45.75520581872496
2018-07-18,89.82150268554688,93.64990234375,86.02780151367188,86.96209716796875,86.96209716796875,375428992.0,86.96209716796875,1.4421155290742764,63.532935153086676,75.55315877167396,142.22707116799276,122.65484365175848,45.83118388924969
2018-07-19,86.89820098876953,88.82939910888672,85.78849792480469,86.6677017211914,86.6677017211914,307785984.0,86.6677017211914,1.437233491274908,61.927664430317556,74.03435252532661,141.68145201636142,122.78033215248422,45.90673558940626
2018-07-20,86.68199920654297,86.68199920654297,82.42109680175781,82.75460052490234,82.75460052490234,287448000.0,82.75460052490234,1.3723414959598943,40.59042279020987,55.35034079120468,141.07990881914648,122.8837263969526,45.97887110579504
2018-07-21,82.6583023071289,85.24500274658203,80.67120361328125,84.46389770507812,84.46389770507812,246152992.0,84.46389770507812,1.400687224588922,49.91082753792065,50.80963825281602,140.48701206061358,122.98975625234108,46.05251515858794
2018-07-22,84.2645034790039,84.63050079345703,82.87190246582031,83.15619659423828,83.15619659423828,245916992.0,83.15619659423828,1.3790012701243322,42.78023387438643,44.42716140083897,139.78831365199687,123.09002446213813,46.125000781011366
2018-07-23,83.23149871826172,86.05460357666016,82.31410217285156,82.43319702148438,82.43319702148438,296071008.0,82.43319702148438,1.3670115763918018,38.837883340703705,43.84298158433692,139.1982163392781,123.1951677400772,46.19607965499843
2018-07-24,82.68299865722656,89.28520202636719,81.93199920654297,89.28520202636719,89.28520202636719,440572992.0,89.28520202636719,1.480640193279342,76.20029212457602,52.606136446555375,138.70246336890048,123.31812583191754,46.273388524469176
2018-07-25,88.6572036743164,89.92240142822266,85.41130065917969,86.28170013427734,86.28170013427734,310156992.0,86.28170013427734,1.430832324549813,59.822886475364314,58.28702064688133,138.20232508091328,123.43878446605108,46.34792677104201
2018-07-26,86.2771987915039,88.02220153808594,83.1865005493164,84.02749633789062,84.02749633789062,286579008.0,84.02749633789062,1.393450264936089,45.43388873121466,60.48568911038498,137.67795621111094,123.55329898154899,46.420398119268896
2018-07-27,83.7300033569336,85.21829986572266,82.04399871826172,84.4636001586914,84.4636001586914,358798016.0,84.4636001586914,1.4006822902982496,47.9069177840386,51.05456433020584,137.15441302523587,123.66925459561283,46.49291428365664
2018-07-28,84.53690338134766,84.62809753417969,82.83110046386719,83.6240005493164,83.6240005493164,279804992.0,83.6240005493164,1.3867589872235122,43.145771176995865,45.495525897416364,136.64561524938364,123.78708856661025,46.56490179109791
2018-07-29,84.0541000366211,85.20709991455078,83.38459777832031,84.08409881591797,84.08409881591797,276696000.0,84.08409881591797,1.394388918846305,38.02566345873433,43.02611747325625,136.11664310309405,123.90481075130097,46.637510073021666
2018-07-30,84.15399932861328,84.71289825439453,80.60040283203125,82.84989929199219,82.84989929199219,313998000.0,82.84989929199219,1.373921860698068,17.238181877709856,32.80320550448,135.51000317849747,124.02105156885435,46.70893368895195
2018-07-31,82.68930053710938,82.93949890136719,76.8104019165039,79.70230102539062,79.70230102539062,319362000.0,79.70230102539062,1.3217244035600941,17.17330701929651,24.14571745191355,134.95283541653325,124.12154362299671,46.777928301623966
2018-08-01,80.39080047607422,80.7334976196289,76.40149688720703,77.85559844970703,77.85559844970703,301530000.0,77.85559844970703,1.2911000448026133,10.754469555561073,15.055319484189132,134.47512829890016,124.2169389594091,46.84521660151547
2018-08-02,77.71420288085938,78.53800201416016,75.61470031738281,76.13880157470703,76.13880157470703,285466000.0,76.13880157470703,1.262629946744587,3.6630710500874777,10.530282541648338,133.9985589199379,124.31010773541176,46.91094866691659
2018-08-03,76.30180358886719,77.56639862060547,74.4655990600586,77.5354995727539,77.5354995727539,298295000.0,77.5354995727539,1.2857917602013151,19.861161704559926,11.42623410340281,133.64467095547036,124.40510499510046,46.97775923258638
2018-08-04,77.42230224609375,77.8228988647461,72.76300048828125,73.19869995117188,73.19869995117188,262765000.0,73.19869995117188,1.2138734614890971,2.539129800717348,8.687787518454902,133.3267458305984,124.48660910619448,47.04063547016823
2018-08-05,73.37909698486328,75.0010986328125,72.6895980834961,74.58940124511719,74.58940124511719,265627000.0,74.58940124511719,1.2369358300107356,11.024341911279661,11.14154447218563,132.85865512701983,124.56258280505872,47.10504161734559
2018-08-06,75.06159973144531,76.58589935302734,72.79029846191406,73.88829803466797,73.88829803466797,265134000.0,73.88829803466797,1.2253092494635835,6.955919632998604,6.839797114998523,132.4535365703979,124.64144663353488,47.16867633693295
2018-08-07,74.00309753417969,75.22779846191406,68.12779998779297,68.17030334472656,68.17030334472656,299418000.0,68.17030334472656,1.1304862264906963,0.19501782149935834,6.058426455259194,132.1411884912376,124.70274745993419,47.22741200216284
2018-08-08,68.16280364990234,68.16280364990234,62.138301849365234,62.49039840698242,62.49039840698242,313187000.0,62.49039840698242,1.0362948559840113,1.3602917715317018,2.8370764086765408,131.7012945081367,124.7407159465633,47.280920502910874
2018-08-09,62.472999572753906,65.57740020751953,61.296199798583984,63.98080062866211,63.98080062866211,270095000.0,63.98080062866211,1.06101059144172,11.222262353821977,4.259190648950998,131.29570870321305,124.7844663541611,47.33574417475696
2018-08-10,63.974998474121094,64.93009948730469,58.86309814453125,59.39400100708008,59.39400100708008,259781000.0,59.39400100708008,0.9849464764025085,2.0152703722978624,4.865941499217166,130.80351196872732,124.8197929277812,47.3861865955945
2018-08-11,59.48759841918945,59.79869842529297,55.672698974609375,58.359100341796875,58.359100341796875,259948000.0,58.359100341796875,0.967784444102718,9.095838350167767,7.4444570254291875,130.22651253371941,124.85064142305556,47.435842897249685
2018-08-12,58.217498779296875,61.7057991027832,57.95669937133789,59.32809829711914,59.32809829711914,276383000.0,59.32809829711914,0.983853594278712,12.58737685403655,7.899495192167379,129.70047480682206,124.88596799667567,47.486480119348116
2018-08-13,59.483699798583984,60.597801208496094,56.305999755859375,56.848201751708984,56.848201751708984,223061000.0,56.848201751708984,0.9427288119298461,4.311113809677569,8.664776337960616,129.19696768255181,124.91620197034862,47.5347193630863
2018-08-14,57.004798889160156,57.0536003112793,51.15850067138672,54.55939865112305,54.55939865112305,250440000.0,54.55939865112305,0.904772982875115,11.49923357790393,9.465908080539336,128.61223218740662,124.94018799246174,47.58096040285886
2018-08-15,54.67900085449219,58.947898864746094,54.300498962402344,54.50040054321289,54.50040054321289,282699000.0,54.50040054321289,0.9037946015989724,12.205846373853827,9.33873125381176,128.03816879772748,124.97085621454944,47.62712306998092
2018-08-16,54.5359992980957,57.426998138427734,54.510501861572266,55.361900329589844,55.361900329589844,211779000.0,55.361900329589844,0.9180810811192246,15.764089733890785,13.156389895216167,127.17479670373469,125.00157046383374,47.674043563511816
2018-08-17,55.32939910888672,61.514400482177734,55.19300079345703,61.514400482177734,61.514400482177734,263383000.0,61.514400482177734,1.0201096234569427,38.83792814559039,22.26928808444499,126.27910493110699,125.04978909427173,47.727052413165296
2018-08-18,61.556800842285156,62.034000396728516,55.80289840698242,57.275699615478516,57.275699615478516,243057000.0,57.275699615478516,0.9498181224233284,24.057509856517903,26.219842578666345,125.33457873818652,125.07717074041497,47.77618289690584
2018-08-19,57.22269821166992,58.741798400878906,56.54330062866211,57.93899917602539,57.93899917602539,204484000.0,57.93899917602539,0.9608177950145401,26.666111581183504,29.85384986109725,124.39727820724737,125.11130498598699,47.825802905374466
2018-08-20,57.90840148925781,58.55120086669922,53.97840118408203,53.99620056152344,53.99620056152344,244192000.0,53.99620056152344,0.8954333195343402,11.789707846206952,20.83777642796944,123.51345420795711,125.13257951083249,47.871858777956334
2018-08-21,53.77159881591797,56.79790115356445,53.77159881591797,56.35020065307617,56.35020065307617,187486000.0,56.35020065307617,0.9344703275875553,30.531683587671864,22.995834338354097,122.60248805395241,125.15563211310399,47.92011354568342
2018-08-22,56.65909957885742,59.01139831542969,54.37839889526367,55.318599700927734,55.318599700927734,228893000.0,55.318599700927734,0.9173630153061189,28.851709654513378,23.72436702946405,121.63236565928642,125.17917046742896,47.96753284223548
2018-08-23,55.19369888305664,57.80910110473633,54.39350128173828,57.543399810791016,57.543399810791016,205125000.0,57.543399810791016,0.9542574657851921,46.362802349602866,35.24873186392936,120.7809525161493,125.19093841134685,48.01734896990806
2018-08-24,57.60419845581055,58.2781982421875,55.9536018371582,57.9297981262207,57.9297981262207,194676000.0,57.9297981262207,0.9606652115645171,62.26194313678929,45.8254850469685,120.03025196679954,125.21215539174537,48.067570520644864
2018-08-25,57.92359924316406,58.214599609375,57.3650016784668,57.907901763916016,57.907901763916016,187571000.0,57.907901763916016,0.9603020983791389,62.06060652828692,56.89511733822635,119.20292352978649,125.23059676705975,48.11776357241417
2018-08-26,58.05160140991211,58.10540008544922,56.238399505615234,57.33409881591797,57.33409881591797,206572000.0,57.33409881591797,0.9507865718579895,56.78450002753471,60.36901656420363,118.3718421185603,125.24589676530394,48.16750608274381
2018-08-27,57.259300231933594,60.424400329589844,56.92789840698242,60.249900817871094,60.249900817871094,228072000.0,60.249900817871094,0.9991400900419012,83.59524045869671,67.48011567150611,117.49629509514146,125.24340663544119,48.21987467704842
2018-08-28,60.22600173950195,63.39720153808594,59.62300109863281,63.02439880371094,63.02439880371094,246764000.0,63.02439880371094,1.045150326237524,96.12696736884406,78.83556928502516,116.63324806338451,125.24523923691005,48.27480425595149
2018-08-29,63.02920150756836,63.38970184326172,60.73849868774414,61.7672004699707,61.7672004699707,220637000.0,61.7672004699707,1.0243018727243662,83.06598438390454,87.59606407048176,115.787172661453,125.24140417020615,48.328611379562446
2018-08-30,61.76559829711914,62.03459930419922,58.9192008972168,60.31520080566406,60.31520080566406,219094000.0,60.31520080566406,1.0002229770640794,67.98121820128769,82.39138998467875,115.00804805234482,125.2308450045651,48.38109825691676
2018-08-31,60.42279815673828,62.25490188598633,59.32490158081055,61.925498962402344,61.925498962402344,265252000.0,61.925498962402344,1.0269269786222126,84.71054106259517,78.58591454926245,114.20026389366942,125.20583240038728,48.4350758724561
2018-09-01,61.738800048828125,67.25070190429688,61.738800048828125,65.95099639892578,65.95099639892578,306586000.0,65.95099639892578,1.0936828706086517,90.35762619479004,81.01646181955762,113.39914365674629,125.15079484704422,48.492752170562746
2018-09-02,65.98480224609375,66.90139770507812,64.32980346679688,65.64939880371094,65.64939880371094,265104000.0,65.64939880371094,1.0886813976709568,88.12010643373956,87.72942456370826,112.6068288667606,125.11415128315964,48.550301265281085
2018-09-03,65.81759643554688,66.19850158691406,64.32160186767578,65.37319946289062,65.37319946289062,235034000.0,65.37319946289062,1.0841011107242458,86.0710135600569,88.1829153961955,111.79575894048305,125.08272716574473,48.607536041137834
2018-09-04,65.31990051269531,68.97720336914062,65.22760009765625,67.70989990234375,67.70989990234375,308206000.0,67.70989990234375,1.1228512340569574,91.31912843230016,88.50341614203221,111.01179662819118,125.08958770542928,48.66670531965282
2018-09-05,67.66790008544922,68.1187973022461,58.43769836425781,58.43769836425781,58.43769836425781,409226000.0,58.43769836425781,0.9690878559618697,27.730935933016482,68.37369264179117,110.25680592021004,125.05436276997605,48.71728945518738
2018-09-06,58.32099914550781,58.32099914550781,54.90959930419922,57.48619842529297,57.48619842529297,351270000.0,57.48619842529297,0.9533088800334943,18.315834801713137,45.78863305567658,109.55542446615918,124.99236796130873,48.76700662260186
2018-09-07,57.342201232910156,58.116600036621094,55.51169967651367,56.19779968261719,56.19779968261719,229626000.0,56.19779968261719,0.9319430218612412,9.157212361615711,18.401327698781767,108.89797527542531,124.93130905987465,48.81554581868594
2018-09-08,56.12670135498047,57.606300354003906,52.58420181274414,53.244598388671875,53.244598388671875,223684000.0,53.244598388671875,0.8829693012958928,4.028527500932556,10.500524888087126,108.16615341269905,124.89144549435132,48.86150077619509
2018-09-09,53.27470016479492,56.39979934692383,52.717201232910156,54.924198150634766,54.924198150634766,253320000.0,54.924198150634766,0.9108225497597342,14.274361713688533,9.153367192078925,107.49507255762653,124.86107589512655,48.908966381909096
2018-09-10,54.99369812011719,56.06529998779297,53.49620056152344,54.59579849243164,54.59579849243164,251240000.0,54.59579849243164,0.9053766111007036,12.271069899963395,10.191319704861485,106.76091845569715,124.84184931924898,48.956124681969214
2018-09-11,54.6068000793457,54.7848014831543,51.075801849365234,52.3672981262207,52.3672981262207,272379000.0,52.3672981262207,0.8684207982889095,7.214498124232192,11.253309912628032,106.07312230594823,124.80439013128411,49.00136828749147
2018-09-12,52.388999938964844,52.41170120239258,47.66749954223633,51.65660095214844,51.65660095214844,290357000.0,51.65660095214844,0.8566351184976414,18.719647360259035,12.735071794818197,105.39484144950825,124.76993231577416,49.04597163091511
2018-09-13,51.88330078125,55.049198150634766,51.76029968261719,54.536399841308594,54.536399841308594,295074000.0,54.536399841308594,0.9043915875101942,32.233673235758545,19.389272906749913,104.81252124140171,124.75022355171099,49.09317870836824
2018-09-14,54.64759826660156,58.4390983581543,53.316001892089844,56.576499938964844,56.576499938964844,336190000.0,56.576499938964844,0.9382231086844525,41.80724645023254,30.920189015416696,104.2229064983097,124.79129642852365,49.14226848915832
2018-09-15,56.33689880371094,58.40079879760742,56.17530059814453,56.71310043334961,56.71310043334961,252020000.0,56.71310043334961,0.9404883909240354,42.44827128799825,38.8297303246631,103.62871580697148,124.81458546886705,49.19150147590463
2018-09-16,56.58100128173828,57.368099212646484,55.05889892578125,56.97269821166992,56.97269821166992,253978000.0,56.97269821166992,0.9447933697552818,43.66648520795222,42.640667648727664,103.10414588386244,124.83846053032026,49.24087711817598
2018-09-17,57.02009963989258,57.750099182128906,51.84960174560547,52.54050064086914,52.54050064086914,261325000.0,52.54050064086914,0.8712930615413328,22.867521473857682,36.32742598993604,102.54931799049587,124.84955724428778,49.28615889048468
2018-09-18,52.293800354003906,55.100799560546875,50.9995002746582,54.097198486328125,54.097198486328125,296552000.0,54.097198486328125,0.8971081949169313,31.43907550289721,32.657694061569025,101.96437372926806,124.84564436821088,49.33293845076539
2018-09-19,54.01750183105469,54.92300033569336,52.25559997558594,54.33449935913086,54.33449935913086,271642000.0,54.33449935913086,0.9010434182484329,61.894245513880676,38.73361416354518,101.33878628673449,124.84975176249465,49.379959509470694
2018-09-20,54.372798919677734,57.15370178222656,53.639801025390625,56.6343994140625,56.6343994140625,260631000.0,56.6343994140625,0.9391832710411893,83.24576532292622,58.859695446568026,100.72448244772322,124.86317806505177,49.429124139106435
2018-09-21,56.78269958496094,62.057098388671875,56.46229934692383,60.722801208496094,60.722801208496094,398550000.0,60.722801208496094,1.0069823226838803,90.72734970296756,78.62245351325814,100.16191853591002,124.90185477896912,49.48198089817343
2018-09-22,60.81460189819336,61.70869827270508,57.74470138549805,60.43659973144531,60.43659973144531,298424000.0,60.43659973144531,1.0022361676584128,88.73840282470434,87.57050595019935,99.57505842115059,124.93568025353837,49.53455719926041
2018-09-23,60.548301696777344,63.1870002746582,59.99509811401367,61.36640167236328,61.36640167236328,304888000.0,61.36640167236328,1.0176553199285252,88.26896152341101,89.24490468369429,99.03809342097715,124.9688166997204,49.58792379435883
2018-09-24,61.339298248291016,61.339298248291016,57.3047981262207,57.96910095214844,57.96910095214844,296366000.0,57.96910095214844,0.9613169807542298,66.3784330921869,81.1285991467674,98.48008851014852,124.99717505468081,49.6382217313601
2018-09-25,58.020999908447266,58.14759826660156,54.73759841918945,57.537601470947266,57.537601470947266,351579000.0,57.537601470947266,0.9541613103772174,63.59806348725673,72.74848603428487,97.97908637041603,125.01349697374317,49.688131066108944
2018-09-26,57.44919967651367,59.62009811401367,56.701698303222656,57.39550018310547,57.39550018310547,294136000.0,57.39550018310547,0.9518048070203322,52.47999924879808,60.81883194274723,97.55076119678267,125.02952081340634,49.737924984056654
2018-09-27,57.45000076293945,64.29499816894531,56.92390060424805,62.979400634765625,62.979400634765625,574277000.0,62.979400634765625,1.0444041096635306,90.10493969733182,68.72766747779553,97.17498199796417,125.04786684219151,49.79263420845275
2018-09-28,63.17150115966797,64.42259979248047,60.807899475097656,61.89509963989258,61.89509963989258,459862000.0,61.89509963989258,1.0264228585918502,81.17051766447794,74.58515220353594,96.88654537930515,125.06926382404484,49.846447093954914
2018-09-29,61.64350128173828,62.025299072265625,59.491600036621094,61.60689926147461,61.60689926147461,356028000.0,61.60689926147461,1.0216435552546865,79.02346974879113,83.43297570353361,96.57511860164789,125.09387724366907,49.89996044494246
2018-09-30,61.625301361083984,62.38850021362305,60.14970016479492,61.14189910888672,61.14189910888672,463002000.0,61.14189910888672,1.0139323343560729,75.55929106211377,78.58442615846094,96.2720306062959,125.11031423072292,49.95305631628864
2018-10-01,61.09859848022461,61.729698181152344,59.7400016784668,60.208099365234375,60.208099365234375,456583000.0,60.208099365234375,0.9984468854625675,68.60262846408632,74.39512975833038,95.97140819778859,125.12583422726148,50.00530736587908
2018-10-02,60.30120086669922,61.252201080322266,59.410701751708984,59.70539855957031,59.70539855957031,444830000.0,59.70539855957031,0.9901104646317079,61.229544637947065,68.46382138804904,95.64572185245368,125.14317504673788,50.05706564759555
2018-10-03,59.57550048828125,59.57550048828125,57.07659912109375,57.477500915527344,57.477500915527344,452464000.0,57.477500915527344,0.9531646469215322,35.590944179073006,55.14103909370212,95.22499780707021,125.15722408555959,50.106803675873635
2018-10-04,57.52149963378906,59.04899978637695,57.44490051269531,58.27949905395508,58.27949905395508,343602000.0,58.27949905395508,0.9664643948275811,36.5709874294222,44.46382541548075,94.89640489171762,125.1760733931032,50.15727263389657
2018-10-05,58.33150100708008,59.127201080322266,57.67369842529297,58.76620101928711,58.76620101928711,371790000.0,58.76620101928711,0.9745355026445947,41.596303860189494,37.91941182289489,94.56654262021591,125.1955164138585,50.208067401903406
2018-10-06,58.875701904296875,58.9197998046875,57.2666015625,57.84410095214844,57.84410095214844,375900000.0,57.84410095214844,0.9592440725907331,32.07539589540996,36.74756239500721,94.26429727689816,125.21119861341502,50.2580998412006
2018-10-07,57.934898376464844,58.36439895629883,57.20819854736328,58.160301208496094,58.160301208496094,435270000.0,58.160301208496094,0.9644877053321957,35.340240619331865,36.33731345831043,93.94681257237502,125.22647615197587,50.30841607067683
2018-10-08,58.2318000793457,59.82440185546875,57.481998443603516,59.412601470947266,59.412601470947266,347408000.0,59.412601470947266,0.9852549328296695,48.27054609047744,38.56206086840641,93.62846068085217,125.2436542354218,50.359835825445444
2018-10-09,59.44540023803711,59.52909851074219,58.21179962158203,58.71329879760742,58.71329879760742,318545000.0,58.71329879760742,0.9736582110670992,26.053958817937655,36.554915175915646,93.32093773513544,125.26707696784032,50.410618755915394
2018-10-10,58.664100646972656,58.664100646972656,57.42570114135742,57.9818000793457,57.9818000793457,358009000.0,57.9818000793457,0.9615275737497219,14.10777320895602,29.477426039123696,93.01339019191721,125.28698026056159,50.46069798883238
2018-10-11,57.97639846801758,57.97639846801758,50.9911994934082,51.233001708984375,51.233001708984375,343098000.0,51.233001708984375,0.8496104598639946,1.800275549771781,13.987335858888477,92.64695304078482,125.28792683849596,50.50462109530898
2018-10-12,50.87459945678711,53.82149887084961,50.87459945678711,53.551700592041016,53.551700592041016,280891000.0,53.551700592041016,0.8880620586110268,23.25103535102541,13.053028036584394,92.2328366138896,125.26996546706108,50.550622885847744
2018-10-13,53.45610046386719,54.2775993347168,53.21419906616211,53.45180130004883,53.45180130004883,237333000.0,53.45180130004883,0.8864054021478416,22.383394626114036,15.811568508970401,91.83992844461743,125.25358984960269,50.5965659189442
2018-10-14,53.50920104980469,53.838600158691406,52.03229904174805,52.187400817871094,52.187400817871094,242221000.0,52.187400817871094,0.8654375134963574,12.093868461438172,19.24276614619253,91.43497435773006,125.2213630049196,50.64139012963805
2018-10-15,52.17380142211914,57.46200180053711,51.91490173339844,54.879600524902344,54.879600524902344,431765000.0,54.879600524902344,0.9100829755001076,38.59274246018822,24.356668515913466,91.01330551814512,125.19235533622846,50.68867072362334
2018-10-16,54.9650993347168,55.4817008972168,53.67369842529297,54.068199157714844,54.068199157714844,281917000.0,54.068199157714844,0.8966272913567842,35.68346605505134,28.790025658892564,90.60747596865795,125.16344108058982,50.735243014984476
2018-10-17,54.26490020751953,54.26490020751953,53.08530044555664,53.67210006713867,53.67210006713867,295022000.0,53.67210006713867,0.8900586750495121,31.25768017809702,35.17796289777885,90.17438365331765,125.14753176545443,50.78149809271233
2018-10-18,53.71689987182617,53.986698150634766,52.12910079956055,52.52690124511719,52.52690124511719,296411000.0,52.52690124511719,0.8710675391535501,18.461880103335822,28.467675445494717,89.69640500428247,125.12505532878718,50.82668433124072
2018-10-19,52.55229949951172,53.599998474121094,52.23749923706055,53.02009963989258,53.02009963989258,272130000.0,53.02009963989258,0.8792463789835774,23.972598360624296,24.564052880685704,89.18667875613019,125.10664546391736,50.87228022122492
2018-10-20,53.06700134277344,53.46179962158203,52.79669952392578,53.36280059814453,53.36280059814453,258418000.0,53.36280059814453,0.8849294798955667,27.801743887931522,23.412074117297205,88.62834978364205,125.08755560051905,50.91820501627987
2018-10-21,53.43470001220703,53.773101806640625,52.71269989013672,52.91579818725586,52.91579818725586,273510000.0,52.91579818725586,0.8775167203224956,22.807193271322177,24.860511839959326,88.10366012489861,125.07307340021003,50.9636855168974
2018-10-22,52.78459930419922,53.114200592041016,52.01279830932617,52.20389938354492,52.20389938354492,263337000.0,52.20389938354492,0.8657111135881276,15.359640326615171,21.98952582862295,87.58688360745789,125.06045970132907,51.00851872174163
2018-10-23,52.23699951171875,52.87350082397461,51.94020080566406,52.54130172729492,52.54130172729492,278025000.0,52.54130172729492,0.8713063461700662,21.396777917022327,19.854537171653217,87.04201640978538,125.05394217086165,51.05367072336205
2018-10-24,52.45650100708008,53.007999420166016,52.2864990234375,52.51499938964844,52.51499938964844,291042000.0,52.51499938964844,0.8708701675266546,23.098371698034157,19.951596647223877,86.42307648372129,125.04449504695526,51.09882981875172
2018-10-25,52.48809814453125,52.510101318359375,52.06010055541992,52.23460006713867,52.23460006713867,241117000.0,52.23460006713867,0.8662202311692988,20.645476614038987,21.713542076365147,85.91745130611899,125.03282463387268,51.143697554009144
2018-10-26,52.219600677490234,52.4833984375,51.7317008972168,52.098899841308594,52.098899841308594,292908000.0,52.098899841308594,0.8639698783220067,6.408022026889208,16.717290112987442,85.36236878692127,125.02285449929434,51.18845038501095
2018-10-27,52.12779998779297,52.360599517822266,51.77479934692383,51.93199920654297,51.93199920654297,312308000.0,51.93199920654297,0.861202120815619,3.4954239350696725,10.18297419199928,84.84885512805376,125.01353832924202,51.233045114883005
2018-10-28,52.05229949951172,52.17219924926758,51.48469924926758,51.9375,51.9375,335237000.0,51.9375,0.8612933419329213,7.575335978873123,5.826260646943992,84.30044799554544,125.00598654551048,51.277022548571026
2018-10-29,51.832698822021484,52.03020095825195,48.65420150756836,49.0713996887207,49.0713996887207,373076000.0,49.0713996887207,0.8137640400717087,6.110556110556111,5.727105341499626,83.7290840774286,124.9839728472984,51.318127315556076
2018-10-30,48.996498107910156,49.47719955444336,48.78850173950195,49.23910140991211,49.23910140991211,295448000.0,49.23910140991211,0.8165450822068296,10.424724862677802,8.036872317369003,83.18680045122657,124.96437997687353,51.35962025738198
2018-10-31,49.337799072265625,49.94049835205078,48.3213996887207,49.44150161743164,49.44150161743164,410734000.0,49.44150161743164,0.8199015385465152,19.77127835790143,12.102186443711773,82.64556271912622,124.94708518459372,51.40115651452923
2018-11-01,49.56230163574219,51.027801513671875,49.41619873046875,50.27190017700195,50.27190017700195,321492000.0,50.27190017700195,0.8336722581712294,35.777825825624106,21.99127634873444,82.0919829613524,124.93911559222495,51.4432633641648
2018-11-02,50.339500427246094,51.6598014831543,50.315399169921875,51.3306999206543,51.3306999206543,362726000.0,51.3306999206543,0.8512306152282315,55.199278442634025,36.916127542053175,81.49018897384893,124.9297824389314,51.48594911762569
2018-11-03,51.29759979248047,51.361000061035156,50.760799407958984,50.9734001159668,50.9734001159668,325128000.0,50.9734001159668,0.8453054177726113,48.64536561029045,46.54082329284952,80.84639337675168,124.91551394527906,51.52863695349323
2018-11-04,50.98619842529297,55.13669967651367,50.81570053100586,53.61249923706055,53.61249923706055,441533000.0,53.61249923706055,0.889070298671751,77.63560749808293,60.49341718366912,80.16798084029735,124.91161065297584,51.57398020404659
2018-11-05,53.593299865722656,54.708099365234375,53.11149978637695,53.54629898071289,53.54629898071289,398133000.0,53.54629898071289,0.8879724822572819,76.66425984697105,67.64841098511481,79.52178573608398,124.90832270792086,51.61964074182728
2018-11-06,53.70249938964844,55.945098876953125,53.4828987121582,55.945098876953125,55.945098876953125,371534000.0,55.945098876953125,0.9277524173573751,100.0,84.76662244835133,78.92651852883928,124.91043613381582,51.66744551702177
2018-11-07,56.04399871826172,56.157100677490234,53.70690155029297,54.188899993896484,54.188899993896484,385412000.0,54.188899993896484,0.8986289053460786,74.88162595261532,83.84862859986212,78.35040866872652,124.89096681777745,51.71381065856376
2018-11-08,54.19240188598633,54.46289825439453,52.37289810180664,52.3734016418457,52.3734016418457,351857000.0,52.3734016418457,0.8685220145078302,51.71205433862913,75.53122676374814,77.77837811662852,124.86302243585456,51.75853831299908
2018-11-09,52.36470031738281,52.724300384521484,51.67020034790039,51.895999908447266,51.895999908447266,386711000.0,51.895999908447266,0.8606051349043969,45.61940565177047,57.40436198100497,77.2430065134184,124.82912189013338,51.80308703439965
2018-11-10,51.92679977416992,52.69850158691406,51.844200134277344,52.401798248291016,52.401798248291016,322713000.0,52.401798248291016,0.8689929229663589,52.074454671235124,49.80197155387824,76.78008188966845,124.81033201870854,51.84823078630178
2018-11-11,52.31890106201172,52.47010040283203,50.24850082397461,51.364898681640625,51.364898681640625,410262000.0,51.364898681640625,0.8517977423548717,38.841438657268796,45.51176632675813,76.28545290003709,124.78036379879468,51.89214512289387
2018-11-12,51.47710037231445,51.68130111694336,50.46929931640625,50.64820098876953,50.64820098876953,388194000.0,50.64820098876953,0.8399125543683773,29.694870993465695,40.20358810732319,75.77212067901111,124.75746735873288,51.93545307808271
2018-11-13,50.6348991394043,50.967498779296875,49.26100158691406,49.69660186767578,49.69660186767578,356433000.0,49.69660186767578,0.8241319336764443,17.550467800214403,28.69559248364962,75.23650645688583,124.72541284430517,51.97792065045605
2018-11-14,49.57889938354492,50.299198150634766,41.943599700927734,43.610801696777344,43.610801696777344,604639000.0,43.610801696777344,0.7232094948311195,11.729706837173751,19.65834854361794,74.71044523729002,124.6731695619348,52.014948049310135
2018-11-15,43.727699279785156,44.242000579833984,40.77750015258789,43.948299407958984,43.948299407958984,588718000.0,43.948299407958984,0.7288063089164788,20.61691557096687,16.632363402785,74.18957252710895,124.61871668149347,52.05217074281004
2018-11-16,43.96110153198242,43.96110153198242,42.08660125732422,42.458900451660156,42.458900451660156,411507000.0,42.458900451660156,0.7041072108747551,10.932665619954014,14.426429342698201,73.69605288479498,124.54035694697131,52.088021811611576
2018-11-17,42.488800048828125,42.488800048828125,41.662899017333984,41.92890167236328,41.92890167236328,330818000.0,41.92890167236328,0.6953181005047724,7.486550238486781,13.012043809802547,73.18169165439294,124.47011010156919,52.123403904536
2018-11-18,42.088199615478516,42.97949981689453,42.00640106201172,42.32789993286133,42.32789993286133,352001000.0,42.32789993286133,0.7019347945160318,10.080884596209511,9.500033484883426,72.67353806209043,124.39527229413595,52.159197776611535
2018-11-19,42.33940124511719,42.33940124511719,35.96950149536133,36.6411018371582,36.6411018371582,571241000.0,36.6411018371582,0.6076291129421033,3.3267964939159773,6.964743776204081,72.11038562378597,124.29952380036654,52.18981470060131
2018-11-20,36.5724983215332,37.91080093383789,31.406700134277344,33.0442008972168,33.0442008972168,619356000.0,33.0442008972168,0.5479807503685524,6.616057627352186,6.674579572492548,71.55593315499728,124.1921029809403,52.21711509412827
2018-11-21,33.06520080566406,34.67060089111328,31.89259910583496,34.67060089111328,34.67060089111328,504001000.0,34.67060089111328,0.5749517729642258,14.15628344201333,8.033045854427154,71.04224247750038,124.09523257947947,52.245913058328846
2018-11-22,34.69279861450195,34.89950180053711,32.195098876953125,32.195098876953125,32.195098876953125,468218000.0,32.195098876953125,0.5338998662929828,3.698346593523125,8.156895887629537,70.56618289217923,123.98647175619047,52.272461915778244
2018-11-23,32.02220153808594,33.025001525878906,31.135299682617188,32.159698486328125,32.159698486328125,462932000.0,32.159698486328125,0.5333128122232426,4.750680387159046,7.535103474231824,70.07190256170888,123.8739684745057,52.29899330248027
2018-11-24,32.259700775146484,33.14670181274414,28.763999938964844,29.21769905090332,29.21769905090332,396969000.0,29.21769905090332,0.484524855049682,1.9138496128032707,3.454292197828471,69.57887358743636,123.74040518460208,52.32262184957391
2018-11-25,29.2268009185791,31.914100646972656,27.07270050048828,30.892200469970703,30.892200469970703,573938000.0,30.892200469970703,0.5122935563406562,15.52099621190337,7.395175403955219,69.10136101936382,123.58170737175092,52.34753861710361
2018-11-26,30.86870002746582,32.11320114135742,28.38319969177246,29.410999298095703,29.410999298095703,528902000.0,29.410999298095703,0.4877304043329704,9.785806811690776,9.07355087879913,68.61731185287725,123.4268695517762,52.3711298402586
2018-11-27,29.40959930419922,31.349199295043945,28.819299697875977,31.06879997253418,31.06879997253418,486621000.0,31.06879997253418,0.5152221527449226,17.204916265198065,14.170573096264063,68.17726158183781,123.26102325230428,52.39628619646917
2018-11-28,31.116899490356445,35.97829818725586,30.971200942993164,34.6265983581543,34.6265983581543,573550000.0,34.6265983581543,0.574222067285944,43.996539304203736,23.662420793697517,67.71310091279244,123.0927843485793,52.42455730917247
2018-11-29,34.71944046020508,35.53849411010742,33.223018646240234,33.797447204589844,33.797447204589844,476701013.0,33.797447204589844,0.5604720337259717,39.81872938451068,33.67339498463749,67.25552960171726,122.95093900079597,52.45211550743068
2018-11-30,33.79917526245117,34.25259017944336,31.43252182006836,32.064762115478516,32.064762115478516,431153649.0,32.064762115478516,0.5317384571980672,31.383193536875954,38.39948740853011,66.78553377995726,122.79678573608399,52.47826150018875
2018-12-01,32.13059616088867,35.154850006103516,31.50525665283203,34.340736389160156,34.340736389160156,428286157.0,34.340736389160156,0.5694815424126543,45.69137853631958,38.964433819235396,66.31791484811919,122.61962693096841,52.506570620079565
2018-12-02,34.26240921020508,35.13786315917969,33.43260955810547,33.71315002441406,33.71315002441406,407318732.0,33.71315002441406,0.5590741112224026,43.4962971699174,40.1902897477043,65.82833097280701,122.43724104998863,52.534274419148765
2018-12-03,33.8102912902832,33.8102912902832,30.494159698486328,31.07280158996582,31.07280158996582,431873524.0,31.07280158996582,0.5152885126284524,36.90776916191829,42.03181495605174,65.31233535308004,122.24493913519872,52.55958126081179
2018-12-04,31.005577087402344,32.149879455566406,30.3936767578125,31.186124801635742,31.186124801635742,398521610.0,31.186124801635742,0.5171677815131265,46.189199712663985,42.197755348166545,64.82754368599647,122.04480249065243,52.584843730926515
2018-12-05,31.215850830078125,31.386568069458008,29.277233123779297,29.295238494873047,29.295238494873047,392132740.0,29.295238494873047,0.4858107122208648,24.956640447469724,36.01786977401732,64.32259418925301,121.84452368331281,52.60842559261409
2018-12-06,29.248985290527344,30.408763885498047,26.91876983642578,26.943660736083984,26.943660736083984,451241301.0,26.943660736083984,0.44681387435453396,0.27474829477102414,23.806862818301568,63.80762512957463,121.6434049527939,52.62970278056245
2018-12-07,26.90794563293457,26.90794563293457,22.997705459594727,25.272584915161133,25.272584915161133,519622321.0,25.272584915161133,0.4191019806664292,17.525235582799912,14.252208108346878,63.28219661816873,121.44335067435486,52.64941571662415
2018-12-08,25.128456115722656,26.62774085998535,23.62689971923828,24.864017486572266,24.864017486572266,504751040.0,24.864017486572266,0.4123265986019431,14.377710372196653,10.725898083255851,62.76186884687247,121.16942743275264,52.668771869624585
2018-12-09,24.8035945892334,26.913270950317383,24.8035945892334,25.947023391723633,25.947023391723633,471979152.0,25.947023391723633,0.4302863728571712,22.72098042059378,18.207975458530104,62.260262431994164,120.81519460808741,52.68912171751397
2018-12-10,25.911685943603516,26.12583351135254,24.502552032470703,24.617799758911133,24.617799758911133,423653343.0,24.617799758911133,0.40824350470061194,12.480896160188811,16.526528984326408,61.80984604423815,120.4753529535581,52.708100119029005
2018-12-11,24.60049057006836,24.952085494995117,23.510135650634766,23.802383422851562,23.802383422851562,386533569.0,23.802383422851562,0.3947212392632797,6.199084896501674,13.80032049242808,61.352394593869406,119.95370742066265,52.72654400350841
2018-12-12,23.795936584472656,25.250564575195312,23.710840225219727,24.49382972717285,24.49382972717285,367818943.0,24.49382972717285,0.406187676774058,11.930065239692562,10.203348765461007,60.93568328690659,119.15462477174523,52.74560070647497
2018-12-13,24.530656814575195,24.659683227539062,23.607572555541992,23.668861389160156,23.668861389160156,328942983.0,23.668861389160156,0.39250700795411475,5.520670803886822,7.883273646693676,60.55094701214566,118.39042442008241,52.763915127924044
2018-12-14,23.646480560302734,23.754459381103516,22.82478141784668,23.464330673217773,23.464330673217773,318851820.0,23.464330673217773,0.38911522082801225,5.186907524425297,7.5458811893348825,60.12641330364623,117.68942805773591,52.78184258056014
2018-12-15,23.462881088256836,24.116273880004883,23.3409481048584,23.782424926757812,23.782424926757812,291476162.0,23.782424926757812,0.3943902622274088,7.777447831735573,6.161675386682554,59.728087743123375,116.93327308027712,52.80018368093935
2018-12-16,23.787988662719727,26.72523307800293,23.77702522277832,25.597209930419922,25.597209930419922,424549776.0,25.597209930419922,0.4244853234200709,25.237140057827222,12.733831804662687,59.334755537939856,116.1843010941597,52.82014460324152
2018-12-17,25.682781219482422,30.403738021850586,25.682781219482422,29.268890380859375,29.268890380859375,613385969.0,29.268890380859375,0.48537377445581137,69.1049996144435,34.03986250133542,58.96954400943277,115.39128711125622,52.84344316987686
2018-12-18,29.26650619506836,30.14215660095215,28.253374099731445,30.14215660095215,30.14215660095215,492064386.0,30.14215660095215,0.4998553798681018,85.46551649623667,59.93588538950246,58.59426071083611,114.49212590047757,52.86757242712256
2018-12-19,30.32775115966797,31.76934051513672,29.449499130249023,29.68278694152832,29.68278694152832,505439992.0,29.68278694152832,0.4922375309314426,76.67237086911788,77.08096232659933,58.216365011663385,113.61385136957038,52.891450661829076
2018-12-20,29.604042053222656,33.258155822753906,29.41044807434082,32.816871643066406,32.816871643066406,796645103.0,32.816871643066406,0.5442108890347125,95.77045582223191,85.96944772919547,57.860208573888556,112.84178525846299,52.91826178668296
2018-12-21,32.732635498046875,34.28339767456055,30.296894073486328,30.79661750793457,30.79661750793457,546504526.0,30.79661750793457,0.5107084787222889,69.57066989146276,80.67116552760417,57.49884856594065,112.05640063351147,52.94326369316066
2018-12-22,30.82662010192871,31.855911254882812,30.334074020385742,31.855911254882812,31.855911254882812,419546205.0,31.855911254882812,0.5282750279670099,78.81518705842502,81.38543759070654,57.20802897052035,111.41783598808394,52.96908820579041
2018-12-23,31.99216651916504,34.147010803222656,31.802282333374023,33.45967483520508,33.45967483520508,554317219.0,33.45967483520508,0.554870664910761,92.81132362842826,80.39906019277201,56.93948239185771,110.71973649116411,52.99631713253178
2018-12-24,33.47358322143555,36.55831527709961,33.1966667175293,33.1966667175293,33.1966667175293,535897387.0,33.1966667175293,0.5505091315171925,75.52233391622353,82.3829482010256,56.6794800263285,110.05457664385234,53.02332344926111
2018-12-25,33.40159606933594,33.40159606933594,30.452274322509766,31.134328842163086,31.134328842163086,508836253.0,31.134328842163086,0.5163088353753105,60.505529818298534,76.27972912098343,56.40243593851725,109.39086243616391,53.04862930197694
2018-12-26,31.093463897705078,32.20487594604492,29.74602508544922,30.98590087890625,30.98590087890625,464721770.0,30.98590087890625,0.5138474150815,59.42475945884125,65.15087439778777,56.151721193490786,108.69081285555069,53.073749713810614
2018-12-27,30.962173461914062,31.363218307495117,28.131933212280273,28.29450798034668,28.29450798034668,442100051.0,28.29450798034668,0.46921533259668835,39.82752449992896,53.25260459235624,55.86557261149088,108.02264983294761,53.09642412303245
2018-12-28,28.30059814453125,33.35983657836914,28.30059814453125,32.51082992553711,32.51082992553711,486919645.0,32.51082992553711,0.5391357180376161,69.37752202221536,56.209935326995186,55.63377495020465,107.42698089390585,53.12291779409261
2018-12-29,32.55842590332031,33.338653564453125,31.520540237426758,31.56500244140625,31.56500244140625,390868406.0,31.56500244140625,0.5234508099327,60.93263814160023,56.712561554581505,55.37583016567543,106.8408521364813,53.14858524832007
2018-12-30,31.423141479492188,32.37809753417969,31.167882919311523,31.976516723632812,31.976516723632812,405650440.0,31.976516723632812,0.5302750604528838,57.87058797119282,62.72691604500279,55.1058985600706,106.32856040850078,53.174609309244374
2018-12-31,31.97723388671875,32.00060272216797,30.164321899414062,30.468223571777344,30.468223571777344,367746437.0,30.468223571777344,0.5052626349534636,27.72590112251409,48.843042411769034,54.8339058089126,105.77615556063718,53.19922962297588
2019-01-01,30.458393096923828,32.09758377075195,30.264280319213867,31.979930877685547,31.979930877685547,379429124.0,31.979930877685547,0.5303316782753426,45.66607158095644,43.75418689155445,54.54277372099663,105.23628412534113,53.225236719601774
2019-01-02,32.0212287902832,33.7933235168457,31.765974044799805,33.43368148803711,33.43368148803711,414331918.0,33.43368148803711,0.5544396103384323,62.91844156808367,45.436804757184724,54.26043699087341,104.62737912739793,53.25258887630619
2019-01-03,33.353572845458984,33.42070388793945,31.592479705810547,32.02669906616211,32.02669906616211,345068249.0,32.02669906616211,0.5311072475528227,46.22109256287729,51.60186857063912,53.96826592950873,104.04288242287832,53.27864486637725
2019-01-04,32.01652526855469,33.02334976196289,31.437557220458984,32.40416717529297,32.40416717529297,391010579.0,32.40416717529297,0.5373669013518392,50.70069135423535,53.2800751617321,53.68763295158011,103.47037330522929,53.305069064658525
2019-01-05,32.34554672241211,36.14344024658203,32.34479522705078,34.936866760253906,34.936866760253906,640607603.0,34.936866760253906,0.5793673305146432,80.75747688185953,59.226420266324055,53.42292677248762,102.88315651253478,53.33382094287437
2019-01-06,34.84721755981445,39.95914077758789,34.784061431884766,39.29885482788086,39.29885482788086,809493170.0,39.29885482788086,0.6517033359103196,94.41722869865049,75.29179897824845,53.16662599740784,102.17862184080359,53.36641885591968
2019-01-07,39.27975082397461,39.647560119628906,37.61374282836914,37.8062744140625,37.8062744140625,586891613.0,37.8062744140625,0.6269514789144834,81.79734014442829,85.65734857497944,52.92296627440739,101.49192399325436,53.39768588270771
2019-01-08,37.91899108886719,40.95065689086914,37.91899108886719,39.47971725463867,39.47971725463867,643946959.0,39.47971725463867,0.6547026255174884,88.52506947561885,88.24654610623254,52.69685764000064,100.89936705288822,53.430488756911394
2019-01-09,39.44645309448242,40.27861404418945,38.90272521972656,38.98553466796875,38.98553466796875,504601883.0,38.98553466796875,0.6465074645721601,84.66990729987623,84.99743897330778,52.494136497622634,100.32936303125669,53.46286210360592
2019-01-10,38.98713684082031,39.52403259277344,33.0317497253418,33.86600875854492,33.86600875854492,701124437.0,33.86600875854492,0.5616090081651357,43.99513650974009,72.39670442841171,52.249142568619526,99.7357959172497,53.490541910798584
2019-01-11,33.683475494384766,34.09872817993164,32.046043395996094,32.32762908935547,32.32762908935547,628980637.0,32.32762908935547,0.5360976499665732,20.05599855423715,49.57368078795114,52.00607714626958,99.19596477142753,53.51687428439589
2019-01-12,32.456207275390625,32.938995361328125,32.0305061340332,32.38442611694336,32.38442611694336,491524393.0,32.38442611694336,0.5370395301437675,20.58256320880133,28.21123275759285,51.76259041874786,98.63576867090512,53.54327465518969
2019-01-13,32.39582443237305,33.13856506347656,30.12771224975586,30.332897186279297,30.332897186279297,564244096.0,30.332897186279297,0.5030184815995802,1.8958328193234806,14.178131527453976,51.50909588506313,98.00875470932216,53.5678106434269
2019-01-14,30.378097534179688,32.73394775390625,30.310152053833008,32.35824203491211,32.35824203491211,593098938.0,32.35824203491211,0.5366053125645975,20.60926909561288,14.362555041245889,51.25455620770897,97.44350330927601,53.594624764081004
2019-01-15,32.38420486450195,32.706947326660156,31.079927444458008,31.507068634033203,31.507068634033203,527294088.0,31.507068634033203,0.5224900782347317,12.74474211978838,11.749948011574906,50.96445329593179,96.89208705327282,53.620579219408775
2019-01-16,31.438589096069336,32.24639129638672,31.26805877685547,31.82341766357422,31.82341766357422,539347966.0,31.82341766357422,0.5277361781215306,15.667689986853098,16.34056706741811,50.64760804306614,96.46329917385154,53.646878057418895
2019-01-17,31.850112915039062,31.94688606262207,30.6761474609375,31.88865089416504,31.88865089416504,609389197.0,31.88865089416504,0.5288179580913144,16.27042087714166,14.894284327927702,50.346660249220214,96.03966258323356,53.6732156747008
2019-01-18,31.913450241088867,31.940603256225586,30.955570220947266,31.311487197875977,31.311487197875977,566482194.0,31.311487197875977,0.5192466993896218,10.937642087009237,14.291917650334655,50.04416727368297,95.59712691633669,53.699054987136634
2019-01-19,31.480209350585938,33.11235809326172,31.368427276611328,32.550724029541016,32.550724029541016,585789957.0,32.550724029541016,0.5397972925485367,22.387731436607606,16.53193146691949,49.7698291507575,95.15763847664611,53.72568712778832
2019-01-20,32.49004364013672,33.35414505004883,30.935497283935547,31.176406860351562,31.176406860351562,584024741.0,31.176406860351562,0.5170066263145636,9.689549797861954,14.338307773826257,49.47864067619616,94.6649217683975,53.75121738072399
2019-01-21,31.188655853271484,31.389184951782227,30.956666946411133,31.21286964416504,31.21286964416504,531048792.0,31.21286964416504,0.5176112983324098,10.026452415611331,14.034577883360287,49.19479735952909,94.22873509550747,53.77691263150951
2019-01-22,31.21330451965332,32.019771575927734,30.324674606323242,31.684425354003906,31.684425354003906,589374367.0,31.684425354003906,0.5254312317761579,15.335712390614347,11.683904868029202,48.917481667357066,93.82236914961305,53.803013951375604
2019-01-23,31.669023513793945,32.386165618896484,31.558425903320312,32.001956939697266,32.001956939697266,613521888.0,32.001956939697266,0.5306969423053728,19.946581443811255,15.102915416678968,48.60445847016215,93.42290325948638,53.829334460001554
2019-01-24,32.042972564697266,33.0421257019043,31.427627563476562,32.77610778808594,32.77610778808594,614405338.0,32.77610778808594,0.5435348912125957,66.69314817412088,33.99181400284882,48.31207818411738,93.01958574791477,53.85641101506203
2019-01-25,32.8204345703125,33.2095947265625,32.273338317871094,32.9818115234375,32.9818115234375,661476020.0,32.9818115234375,0.5469461308307719,88.45990139396304,58.36654367063172,48.03314001573239,92.61605097626986,53.8836502767589
2019-01-26,32.967960357666016,33.95001220703125,32.86662673950195,33.1505241394043,33.1505241394043,694481467.0,33.1505241394043,0.5497439369021517,79.08358641228033,78.0788786601214,47.75274069322263,92.2226716080757,53.91092249051621
2019-01-27,33.08196258544922,33.34574890136719,32.080501556396484,32.59283447265625,32.59283447265625,678149673.0,32.59283447265625,0.540495621198953,62.71346487906998,76.75231756177111,47.47388186220263,91.8163889584476,53.937838174872205
2019-01-28,32.51712417602539,32.71674728393555,30.52311134338379,31.19925880432129,31.19925880432129,812860294.0,31.19925880432129,0.5173855861642166,24.12421391671897,55.30708840268974,47.184893665417945,91.37072937847817,53.96348920565217
2019-01-29,31.235544204711914,31.457534790039062,30.43724822998047,31.097110748291016,31.097110748291016,707842400.0,31.097110748291016,0.5156916378503726,21.306598916937308,36.04809257090874,46.90209154222833,90.95821734911775,53.98907487751686
2019-01-30,31.066558837890625,32.08937454223633,30.86351776123047,31.930953979492188,31.930953979492188,694822148.0,31.930953979492188,0.5295194813786405,44.30702875382552,29.912613862493924,46.64104592995565,90.59288845323536,54.01544820532951
2019-01-31,31.89085578918457,32.43729782104492,31.39546012878418,31.652175903320312,31.652175903320312,654137406.0,31.652175903320312,0.5248964305794355,36.61731521880382,34.07698096318887,46.38856821112294,90.23206976276555,54.04154403721361
2019-02-01,31.71952247619629,33.44944381713867,31.12713623046875,32.82707977294922,32.82707977294922,825977656.0,32.82707977294922,0.5443801731608574,69.02543824159359,49.9832607380743,46.1518921357035,89.93215218112893,54.068714091766914
2019-02-02,32.8179817199707,34.557167053222656,32.728092193603516,34.39482879638672,34.39482879638672,829064166.0,34.39482879638672,0.5703785711528393,96.16447615978946,67.26907654006227,45.91615076534084,89.66644212905675,54.0973417619592
2019-02-03,34.431209564208984,34.56844711303711,33.11767578125,33.43925476074219,33.43925476074219,820461891.0,33.43925476074219,0.5545320333983343,73.39177935413642,79.52723125183981,45.69888603752428,89.31901542977111,54.12499151970154
2019-02-04,33.464359283447266,34.42838668823242,33.464359283447266,34.10862731933594,34.10862731933594,740036504.0,34.10862731933594,0.565632416127372,89.16483404862741,86.24036318751774,45.4776796226293,89.00691579531316,54.153275736499594
2019-02-05,34.00916290283203,34.38839340209961,33.777740478515625,34.25664520263672,34.25664520263672,708712284.0,34.25664520263672,0.5680870359564737,92.45250787418661,85.00304042565013,45.2611132137111,88.75739974975586,54.18173020702519
2019-02-06,34.34730529785156,34.34730529785156,32.54347610473633,32.932987213134766,32.932987213134766,748545366.0,32.932987213134766,0.5461364643395429,60.411978551555954,80.67644015812331,45.068559573647754,88.45587095495773,54.208987766204906
2019-02-07,32.9053955078125,33.59257888793945,32.87847137451172,33.22241973876953,33.22241973876953,652002936.0,33.22241973876953,0.5509362007009012,67.41799626766787,73.4274942311368,44.90862526398539,88.16825291881823,54.2365313823909
2019-02-08,33.23527145385742,43.90346908569336,33.00557327270508,43.4647216796875,43.4647216796875,1721691113.0,43.4647216796875,0.7207870111515252,96.7418668481163,74.85728055578004,44.79651554295274,87.87783844830238,54.27341099133775
2019-02-09,43.02186584472656,45.86474609375,42.26860046386719,44.790283203125,44.790283203125,1509978243.0,44.790283203125,0.742769149576732,93.03540405506517,85.73175572361644,44.716713806319106,87.55137347913768,54.3114886473303
2019-02-10,44.763633728027344,47.09407043457031,42.90381622314453,46.82740783691406,46.82740783691406,1420578823.0,46.82740783691406,0.7765513278442663,98.39907880158096,96.0587832349208,44.65369909317767,87.25338554904886,54.351444618016075
2019-02-11,46.881832122802734,46.881832122802734,42.397342681884766,43.18254089355469,43.18254089355469,1229169302.0,43.18254089355469,0.716107532310272,76.51695207542176,89.31714497735595,44.565472003540705,86.96350208439239,54.38803883796413
2019-02-12,43.16887283325195,44.14329147338867,42.54317855834961,43.92864227294922,43.92864227294922,1098569294.0,43.92864227294922,0.7284803294314172,80.4971018219201,85.13771089964094,44.494873317864425,86.641207969352,54.425298155170594
2019-02-13,43.83333969116211,44.51005172729492,41.416805267333984,41.997642517089844,41.997642517089844,1087815590.0,41.997642517089844,0.6964580481703673,68.08136206779567,75.0318053217125,44.42622984172217,86.31913575472898,54.460720121044005
2019-02-14,41.87549591064453,42.5533561706543,41.26705551147461,41.64054870605469,41.64054870605469,997741394.0,41.64054870605469,0.6905362667621356,65.8449038569049,71.47445591554022,44.355957427311466,85.84867426205987,54.495841617671324
2019-02-15,41.64327621459961,43.6757926940918,41.61971664428711,42.699668884277344,42.699668884277344,1043820661.0,42.699668884277344,0.7080999376706311,69.79916111548204,67.90847568006086,44.28676490575238,85.34805419085777,54.531906146437066
2019-02-16,42.759765625,44.18357849121094,42.56769561767578,43.59476089477539,43.59476089477539,1017844635.0,43.59476089477539,0.7229434859557684,75.95074496290457,70.53160331176382,44.18884337795237,84.83701519900805,54.56875886873568
2019-02-17,43.39625930786133,44.649574279785156,42.91134262084961,43.928367614746094,43.928367614746094,1089205822.0,43.928367614746094,0.7284757747015658,78.24348100109297,74.66446235982652,44.11590713751121,84.32869566825971,54.60590675693669
2019-02-18,43.88195037841797,49.21957778930664,43.842010498046875,48.043174743652344,48.043174743652344,1462180271.0,48.043174743652344,0.7967127130113625,92.94557524350687,82.3799337358348,44.06183159416491,83.86926329103235,54.646811217913346
2019-02-19,48.13616943359375,49.18318176269531,47.268829345703125,47.86467742919922,47.86467742919922,1417050580.0,47.86467742919922,0.7937526446890255,91.87519729889239,87.6880845144974,44.02832600327789,83.38928430635634,54.687365270423015
2019-02-20,47.82089614868164,52.158390045166016,47.41093444824219,51.78596496582031,51.78596496582031,1582934318.0,51.78596496582031,0.8587803962576664,98.06832650226598,94.29636634822174,44.003384824659,82.89321572290707,54.73149467211336
2019-02-21,51.835323333740234,51.835323333740234,48.68165969848633,49.1515998840332,49.1515998840332,1259734341.0,49.1515998840332,0.8150940211883272,84.30105505182843,91.41485961766226,43.96968537210767,82.44335159928832,54.77320058073627
2019-02-22,49.132930755615234,50.027671813964844,48.717384338378906,49.80573272705078,49.80573272705078,1213665948.0,49.80573272705078,0.8259416796707473,78.39881503191835,86.92273219533757,43.92740303831674,82.04471525427414,54.81558304899904
2019-02-23,49.67182159423828,51.88578414916992,48.66763687133789,51.68092727661133,51.68092727661133,1278039837.0,51.68092727661133,0.8570385283901774,95.6161224588438,86.10533084753018,43.89325620307297,81.61285750506676,54.85969816974309
2019-02-24,51.68029022216797,53.415828704833984,43.65616226196289,44.678592681884766,44.678592681884766,1618048131.0,44.678592681884766,0.7409169560306192,28.08133065052965,67.36542271376392,43.82096489661378,81.16150571222175,54.89742700324211
2019-02-25,44.57594680786133,47.19085693359375,44.57594680786133,46.21306610107422,46.21306610107422,1212141472.0,46.21306610107422,0.7663635358490726,40.71201685041863,54.80315665326402,43.760194226040866,80.68407573961233,54.936510360404235
2019-02-26,46.17646026611328,46.517333984375,45.09392166137695,45.49113082885742,45.49113082885742,1060325373.0,45.49113082885742,0.7543914916947168,34.769562738167906,34.520970079705386,43.679545209707456,80.20333361690992,54.97493798678324
2019-02-27,45.49864196777344,46.138301849365234,44.41291427612305,45.581424713134766,45.581424713134766,1061879935.0,45.581424713134766,0.7558888591333754,35.512797325234686,36.9981256379404,43.5842284113983,79.73479231742964,55.01342160756185
2019-02-28,45.61649703979492,46.92005920410156,45.59764862060547,46.23725509643555,46.23725509643555,1119495712.0,46.23725509643555,0.7667646683766829,39.14457940419367,36.475646489198745,43.49936532192543,79.3055930046186,55.05250027887353
2019-03-01,46.23541259765625,48.98780059814453,46.14991760253906,47.487239837646484,47.487239837646484,1175425172.0,47.487239837646484,0.7874934969711036,45.34922442825078,40.00220038589304,43.429267174559214,78.86103749732449,55.092732488728004
2019-03-02,47.48123550415039,49.64073944091797,47.46395492553711,49.01536560058594,49.01536560058594,1227656624.0,49.01536560058594,0.8128348119218795,58.1087254619986,47.53417643148101,43.35871999771869,78.41298096539224,55.13442230202836
2019-03-03,49.02194595336914,49.38588333129883,48.093162536621094,48.38032150268555,48.38032150268555,1102677211.0,48.38032150268555,0.8023037071641339,48.40492519263707,50.62095836096214,43.26270538079934,77.96842566712262,55.17557005686303
2019-03-04,48.33495330810547,48.6493034362793,45.85337448120117,46.43203353881836,46.43203353881836,1243464082.0,46.43203353881836,0.7699947309629911,28.442276107531235,44.9853089207223,43.15769245585457,77.50988604401888,55.215005493817266
2019-03-05,46.523563385009766,54.02388381958008,46.14234161376953,53.1324577331543,53.1324577331543,2000300862.0,53.1324577331543,0.8811096430536346,91.40190946032064,56.083036920162975,43.09080315678497,77.0768927691734,55.26061307175519
2019-03-06,53.020225524902344,56.26727294921875,52.27675247192383,55.784278869628906,55.784278869628906,1998850452.0,55.784278869628906,0.9250854965090872,96.17009087012508,72.00475881265898,43.02563582873735,76.69109353888524,55.30861547265423
2019-03-07,55.8377685546875,58.99951934814453,55.07939147949219,57.18903350830078,57.18903350830078,2410843754.0,57.18903350830078,0.9483809153747906,88.20019745565142,91.92406592869902,43.018812523513546,76.3386278648899,55.3578586539177
2019-03-08,57.435508728027344,57.6500244140625,55.45344924926758,56.09954833984375,56.09954833984375,1977538387.0,56.09954833984375,0.9303136937771647,81.09950128898114,88.48992987158586,43.01123520064224,76.00873347243217,55.406119227735964
2019-03-09,56.00178146362305,59.285743713378906,56.00178146362305,58.086891174316406,58.086891174316406,2145350395.0,58.086891174316406,0.9632703272591266,92.32959281226378,87.20976385229876,43.02155810496846,75.65508660094379,55.45617132012703
2019-03-10,58.09852981567383,58.25138854980469,56.59122085571289,57.18186569213867,57.18186569213867,1778709344.0,57.18186569213867,0.9482620495776958,85.85421805503867,86.42777071876118,43.04307322684533,75.32481227508963,55.50538987329561
2019-03-11,57.18770217895508,57.848880767822266,54.82707214355469,55.42021560668945,55.42021560668945,1839260243.0,55.42021560668945,0.9190481388308755,74.00946388179202,84.06442491636481,43.045783704747265,74.95898821059971,55.55291089205981
2019-03-12,55.41301727294922,57.263145446777344,53.49565124511719,56.99705505371094,56.99705505371094,1666711996.0,56.99705505371094,0.9451972857289125,84.61161227375544,81.49176473686202,43.05890532530071,74.62683221477351,55.60195826656742
2019-03-13,57.07566452026367,57.21018981933594,55.43373489379883,55.93318557739258,55.93318557739258,1465625295.0,55.93318557739258,0.9275548559500693,75.50748944054097,78.04285519869613,43.0783910490776,74.29847930490155,55.650018344731095
2019-03-14,55.86001205444336,57.75611114501953,55.785194396972656,56.58418273925781,56.58418273925781,1610293200.0,56.58418273925781,0.9383505146000188,79.88768081471879,80.00226084300506,43.10531772550989,74.01213186603702,55.69867648425168
2019-03-15,56.5416374206543,59.386192321777344,56.5416374206543,58.9892578125,58.9892578125,1824454595.0,58.9892578125,0.9782345126251901,97.0668746601525,84.15401497180407,43.12965028272952,73.72312709860606,55.74952897546498
2019-03-16,58.99413299560547,62.093448638916016,58.99413299560547,61.84475326538086,61.84475326538086,1997899601.0,61.84475326538086,1.025587951306028,98.46863153997968,91.80772900495032,43.15843855227278,73.43927711591328,55.8029859281566
2019-03-17,61.881492614746094,61.98963928222656,60.78253936767578,61.243778228759766,61.243778228759766,1609232029.0,61.243778228759766,1.0156218228302707,94.76806323724443,96.76785647912551,43.183196354433484,73.18797515451092,55.855895871767714
2019-03-18,61.28428268432617,62.77064895629883,59.5024299621582,60.26480484008789,60.26480484008789,1971826811.0,60.26480484008789,0.9993872473964781,84.93025138041634,92.72231538588015,43.20118600814069,72.93096364687567,55.90803741951511
2019-03-19,60.22429656982422,60.947174072265625,59.7523193359375,60.61556625366211,60.61556625366211,1824124623.0,60.61556625366211,1.0052040169775796,79.46346520717493,86.38725994161189,43.24531204974065,72.65554876458155,55.960491589541846
2019-03-20,60.677913665771484,60.95704650878906,58.56939697265625,60.8465461730957,60.8465461730957,1990264182.0,60.8465461730957,1.0090344182623614,79.25495139601503,81.2162226612021,43.28219373108911,72.35973929836325,56.01313176873612
2019-03-21,60.86749267578125,61.08232879638672,58.73954391479492,59.378326416015625,59.378326416015625,1766689848.0,59.378326416015625,0.9846865405002927,63.425084879605656,74.04783382759854,43.309755627574816,72.05926347497392,56.06443534528828
2019-03-22,59.3026123046875,60.284576416015625,58.8876953125,59.82400131225586,59.82400131225586,1660894830.0,59.82400131225586,0.9920772855457486,68.23020624047611,70.30341417203225,43.32718514614418,71.77474841810252,56.11611505425684
2019-03-23,59.79153060913086,61.70700454711914,59.507808685302734,61.34861373901367,61.34861373901367,2009701790.0,61.34861373901367,1.017360337910508,84.66808012717031,72.10779041575069,43.3306048867481,71.48301311127128,56.169179724340566
2019-03-24,61.242916107177734,61.247283935546875,59.71322250366211,60.223876953125,60.223876953125,2041814465.0,60.223876953125,0.9987085293884779,72.54153496875237,75.14660711213291,43.32944246719444,71.21066483798093,56.221233767243824
2019-03-25,60.30268096923828,60.926551818847656,58.999908447265625,59.49673843383789,59.49673843383789,2057863894.0,59.49673843383789,0.986650198407492,64.7017646320924,73.97045990933835,43.319225728186105,70.9350833004468,56.27261976586085
2019-03-26,59.50830841064453,59.65300750732422,58.334938049316406,59.343528747558594,59.343528747558594,2020400713.0,59.343528747558594,0.9841094815321709,53.28935054239319,63.51088338107932,43.326736262587254,70.68884367224288,56.3238644769747
2019-03-27,59.40789794921875,62.288082122802734,59.32523727416992,62.25143051147461,62.25143051147461,2220590688.0,62.25143051147461,1.0323319879727169,92.56714877443419,70.18608798297325,43.35249489122401,70.48739825732088,56.377698112078455
2019-03-28,62.22245788574219,62.22245788574219,60.74556350708008,61.17048645019531,61.17048645019531,1818355774.0,61.17048645019531,1.014406405821443,74.31113272231333,73.38921067971357,43.37312323148133,70.29403796261305,56.43058069329283
2019-03-29,61.16759490966797,61.532344818115234,60.2597770690918,61.301612854003906,61.301612854003906,1977436351.0,61.301612854003906,1.0165809097646816,66.88160853804841,77.91996334493196,43.3639549922422,70.14779854343362,56.483617481249105
2019-03-30,61.25409698486328,64.1090087890625,60.36506271362305,60.62196350097656,60.62196350097656,1698116593.0,60.62196350097656,1.0053101042270358,39.60854576853911,60.26709567630027,43.35699796416069,69.98896008844245,56.53603990459007
2019-03-31,60.63848114013672,60.850318908691406,60.212364196777344,60.75539779663086,60.75539779663086,1646531872.0,60.75539779663086,1.0075228805530538,41.919468195169515,49.469874167252335,43.352344950691595,69.83594199402691,56.58854979292987
2019-04-01,60.76983642578125,60.985172271728516,60.41389083862305,60.67799377441406,60.67799377441406,1712538382.0,60.67799377441406,1.0062392691167283,40.578923097860915,40.702312353856506,43.34980994886388,69.68650636019773,56.641004627480356
2019-04-02,60.70470428466797,77.41172790527344,60.537776947021484,76.1932601928711,76.1932601928711,4161362861.0,76.1932601928711,1.2635330484579073,93.61282625849203,58.70373918384081,43.43716055447938,69.5683892655046,56.707608417615496
2019-04-03,76.25630187988281,97.49525451660156,76.0096435546875,84.92193603515625,84.92193603515625,6206102119.0,84.92193603515625,1.4082829957378291,67.89270461603863,67.36148465746385,43.574955841231215,69.43264114170859,56.78218308061225
2019-04-04,85.1739273071289,89.33838653564453,81.56863403320312,84.98090362548828,84.98090362548828,4195622761.0,84.98090362548828,1.409260870932877,68.04328457976617,76.51627181809893,43.725247659318434,69.34104908982368,56.85682263635609
2019-04-05,85.03794860839844,89.58201599121094,84.92327880859375,88.67786407470703,88.67786407470703,3512861847.0,88.67786407470703,1.4705685468953598,77.48386316218702,71.13995078599727,43.89135894358484,69.25761584974315,56.93483744364351
2019-04-06,88.70777130126953,96.7413558959961,86.31238555908203,92.57341766357422,92.57341766357422,3857950929.0,92.57341766357422,1.5351695455809764,87.43157028074815,77.6529060075671,44.07609783235144,69.20122795627542,57.01640592557654
2019-04-07,92.42137145996094,95.39466857910156,90.08541870117188,92.31237030029297,92.31237030029297,3314848880.0,92.31237030029297,1.5308405278977362,86.76495829486358,83.89346391259957,44.26444903097517,69.13561800603998,57.09774569746566
2019-04-08,92.32789611816406,93.82284545898438,87.0640869140625,89.4930419921875,89.4930419921875,3295695862.0,89.4930419921875,1.4840868585741407,79.56550598588963,84.58734485383377,44.435666193727585,69.05841812760863,57.17653361716771
2019-04-09,89.49773406982422,89.49773406982422,85.00721740722656,86.7869644165039,86.7869644165039,2742631078.0,86.7869644165039,1.4392112561926194,71.9458075376665,79.42542393947322,44.585252876490195,68.9811495428216,57.25285394986471
2019-04-10,86.77433013916016,90.35243225097656,86.74703979492188,88.37773895263672,88.37773895263672,2765900677.0,88.37773895263672,1.4655914923704798,75.54504094035639,75.68545148797084,44.74735364236467,68.91023101806641,57.330617190931484
2019-04-11,88.3935317993164,88.52174377441406,76.65676879882812,79.67799377441406,79.67799377441406,3461536000.0,79.67799377441406,1.3213213099682424,52.21062372218061,66.56715740006783,44.86591207785685,68.8044419589108,57.40042196147518
2019-04-12,79.63264465332031,80.26605987548828,76.44163513183594,78.96395874023438,78.96395874023438,2839796022.0,78.96395874023438,1.309480277557252,50.295442178972785,59.35036894716992,45.01744736218062,68.66643908775016,57.469560444409446
2019-04-13,78.94670867919922,81.102783203125,76.69335174560547,78.22130584716797,78.22130584716797,2379257754.0,78.22130584716797,1.297164667599797,48.303501943932794,50.26985594836205,45.15225394827421,68.53730842903869,57.538037564003304
2019-04-14,78.20467376708984,82.9375228881836,76.97917175292969,82.9375228881836,82.9375228881836,2328308745.0,82.9375228881836,1.375374946040949,60.7411104002538,53.113351507719784,45.313378109958,68.4185235637508,57.61082104613248
2019-04-15,83.014892578125,83.84815216064453,76.98197174072266,79.05470275878906,79.05470275878906,2742760721.0,79.05470275878906,1.310985109692056,50.103326929998524,53.04931309139503,45.460193967558645,68.27334467221613,57.680022756367514
2019-04-16,79.03822326660156,81.83829498291016,78.02865600585938,81.34928131103516,81.34928131103516,2176907331.0,81.34928131103516,1.3490367145939408,24.852156942675883,45.23219809097606,45.60483703196375,68.14461665741385,57.7513245475891
2019-04-17,81.35240936279297,82.00177764892578,79.08088684082031,79.32746887207031,79.32746887207031,2060101784.0,79.32746887207031,1.3155084625156241,14.216125304193405,29.723869725622595,45.742865828217056,67.99776590425674,57.820794592164965
2019-04-18,79.39220428466797,83.20145416259766,79.30755615234375,82.07487487792969,82.07487487792969,2616912436.0,82.07487487792969,1.3610694252195124,27.750331206719974,22.272871151196412,45.89807224794815,67.83907516688517,57.892789555466884
2019-04-19,82.09881591796875,83.18848419189453,80.43392944335938,82.56922149658203,82.56922149658203,2608961075.0,82.56922149658203,1.3692673063507241,30.18556972253803,24.05067541115046,46.06223793238239,67.66447028591209,57.965195081876296
2019-04-20,82.55038452148438,82.89277648925781,80.27595520019531,81.51249694824219,81.51249694824219,2422737857.0,81.51249694824219,1.351743362808155,26.75488243354432,28.2302611209341,46.2179340925373,67.4616634212128,58.03664176409647
2019-04-21,81.52201843261719,81.8905029296875,75.02021026611328,77.33155822753906,77.33155822753906,2957685726.0,77.33155822753906,1.282409746766352,12.29268098708906,23.077711047723795,46.348910910184266,67.26549233214496,58.104208118621614
2019-04-22,77.2944107055664,77.88958740234375,75.69957733154297,76.94807434082031,76.94807434082031,2657300819.0,76.94807434082031,1.276050331731562,12.573937923741992,17.207167114791783,46.48023482359172,67.07418842054393,58.17144903592323
2019-04-23,76.85350036621094,79.46178436279297,74.63941192626953,74.84502410888672,74.84502410888672,2920088568.0,74.84502410888672,1.2411748917794099,1.3085465325459071,8.72505514779231,46.60395681662638,66.8621145170029,58.23675547800108
2019-04-24,74.75387573242188,75.23564910888672,71.35606384277344,73.30894470214844,73.30894470214844,3347048436.0,73.30894470214844,1.215701679443353,11.376658933127105,8.419714463138325,46.71744120446711,66.60876640424337,58.300387546243186
2019-04-25,73.24531555175781,74.50772094726562,71.05500030517578,71.24811553955078,71.24811553955078,2754712046.0,71.24811553955078,1.1815264026855854,1.509520379002209,4.731575281558398,46.819807959384605,66.40735300142471,58.36197329569081
2019-04-26,71.3633041381836,74.51300811767578,70.19367218017578,73.11534881591797,73.11534881591797,3041612619.0,73.11534881591797,1.2124912274994608,21.397201796929128,11.42779370301947,46.93391041156373,66.18663066707245,58.42505050903041
2019-04-27,73.21337127685547,73.3286361694336,71.99333190917969,72.12090301513672,72.12090301513672,2059777054.0,72.12090301513672,1.1960000689507042,14.114274858637105,12.340332344856138,47.04332026497262,65.98448245949942,58.48736210087119
2019-04-28,72.12030792236328,72.48282623291016,69.08003234863281,69.72679901123047,69.72679901123047,2362638270.0,69.72679901123047,1.156298007079043,4.379478707043029,13.296985120869744,47.140559608167635,65.75826545610819,58.54757972547453
2019-04-29,69.78425598144531,70.2292251586914,67.26605987548828,67.96038055419922,67.96038055419922,2532498296.0,67.96038055419922,1.127005021161191,4.357097579145528,7.616950381608544,47.228116332507525,65.52355143925915,58.606161260169394
2019-04-30,67.9505844116211,74.66829681396484,67.9505844116211,74.28087615966797,74.28087615966797,3065300354.0,74.28087615966797,1.2318194766645658,44.0203496555726,17.585641980587045,47.36587303453456,65.32027437392979,58.67065543932458
2019-05-01,74.30335235595703,75.420654296875,72.29801177978516,73.65776824951172,73.65776824951172,2871792311.0,73.65776824951172,1.2214863128749471,40.11013633464899,29.495861189789036,47.499308372455864,65.1152600223071,58.7345390633361
2019-05-02,73.68275451660156,74.5236587524414,73.09578704833984,73.77717590332031,73.77717590332031,2903392114.0,73.77717590332031,1.2234664816778578,40.892742828886085,41.67440960636922,47.63229019915471,64.90210983067342,58.79855446597757
2019-05-03,73.76445007324219,80.41926574707031,73.4426040649414,79.32653045654297,79.32653045654297,3850339792.0,79.32653045654297,1.3154929005219649,77.178532631913,52.727137265149345,47.79105867062761,64.67708936717412,58.86758242981619
2019-05-04,79.30793762207031,82.01958465576172,75.7961654663086,78.0638427734375,78.0638427734375,3502670655.0,78.0638427734375,1.2945534156719154,73.18781822488046,63.75303122855984,47.93714141845703,64.42853004769103,58.93545188446568
2019-05-05,78.00423431396484,78.15052795410156,75.53789520263672,75.98436737060547,75.98436737060547,2650746461.0,75.98436737060547,1.2600689233653448,59.09304810179473,69.81979965286271,48.07381337066817,64.14968723662912,59.001452356930734
2019-05-06,76.02898406982422,76.39363861083984,72.3252944946289,74.98275756835938,74.98275756835938,2933488799.0,74.98275756835938,1.2434589622796302,52.30409551478095,61.5283206138187,48.190590738598765,63.88443450927734,59.06643924974416
2019-05-07,74.97994232177734,78.00873565673828,74.66644287109375,74.69300079345703,74.69300079345703,3088433048.0,74.69300079345703,1.2386538488066414,50.340112133062085,53.91241858321258,48.30614648620939,63.63734958596425,59.13104157926829
2019-05-08,74.64736938476562,75.318115234375,73.10152435302734,74.62028503417969,74.62028503417969,2532851418.0,74.62028503417969,1.2374479840784747,49.84724171490567,50.83048312091623,48.40819668378986,63.40448186168932,59.1955914834863
2019-05-09,74.59397888183594,75.93289184570312,72.98983764648438,74.17713928222656,74.17713928222656,2436426305.0,74.17713928222656,1.230099180503734,46.84358151469613,49.01031178755462,48.51742203509221,63.17741924965218,59.25962866103812
2019-05-10,74.18959045410156,78.7241439819336,73.0380630493164,77.1666488647461,77.1666488647461,3051537532.0,77.1666488647461,1.2796750110513873,67.10660087476613,54.59914136812264,48.652904260353964,62.978234716964096,59.326612678292676
2019-05-11,77.16275024414062,94.54438018798828,77.1092300415039,89.22225952148438,89.22225952148438,5491744173.0,89.22225952148438,1.4795964010217217,80.48955872086779,64.81324703677667,48.85687289211919,62.847016237859854,59.40454874169337
2019-05-12,89.53929901123047,93.17626953125,83.82306671142578,84.56551361083984,84.56551361083984,5582599422.0,84.56551361083984,1.4023723481136787,63.418324651845495,70.33816141582646,49.032630899564815,62.6899847579329,59.47825532939336
2019-05-13,84.63257598876953,92.37200927734375,84.29974365234375,88.05823516845703,88.05823516845703,4658762984.0,88.05823516845703,1.4602930763505262,75.61030747895259,73.17273028388861,49.2331409350119,62.535108696924496,59.555088713179984
2019-05-14,88.05304718017578,93.37297821044922,87.65838623046875,91.62040710449219,91.62040710449219,4930071296.0,91.62040710449219,1.5193655186384178,86.85640267281599,75.29501160120468,49.45703277170984,62.3814276081242,59.635098107873574
2019-05-15,91.66155242919922,103.1400146484375,90.81726837158203,101.74456787109375,101.74456787109375,5168624436.0,101.74456787109375,1.6872571626515576,95.47149294110568,85.97940103095807,49.74144788648261,62.276946958777025,59.72430490968434
2019-05-16,101.5731430053711,106.20565032958984,92.56511688232422,95.58558654785156,95.58558654785156,6442000276.0,95.58558654785156,1.5851211413413728,68.65421416034981,83.66070325809049,50.02546310424805,62.15726909898732,59.80793875145586
2019-05-17,95.63260650634766,97.2586669921875,84.93778228759766,88.99523162841797,88.99523162841797,5319840521.0,88.99523162841797,1.4758315372386912,49.2023673393284,71.10935814692796,50.271621203813396,62.037330021270336,59.88557537396749
2019-05-18,89.01001739501953,89.87495422363281,85.8005142211914,86.70018768310547,86.70018768310547,3317998478.0,86.70018768310547,1.4377722146001137,42.42840086597673,53.4283274552183,50.51337687174479,61.90210585920778,59.96109771880929
2019-05-19,86.67533111572266,96.54276275634766,86.12923431396484,95.32119750976562,95.32119750976562,4108852208.0,95.32119750976562,1.5807367077782735,67.87385329467935,53.16820716666149,50.80513805118415,61.79252007889421,60.04464822795293
2019-05-20,95.33937072753906,95.33937072753906,88.56927490234375,91.4936752319336,91.4936752319336,3566921483.0,91.4936752319336,1.5172638903728026,55.70791767759701,55.33672394608436,51.073803489976896,61.66045344104506,60.12465979432407
2019-05-21,91.57208251953125,92.44412994384766,89.58797454833984,91.50775146484375,91.50775146484375,3145769021.0,91.50775146484375,1.5174973202776885,55.75029578541104,59.7773555858958,51.37362124750523,61.542641793865045,60.204617110779296
2019-05-22,91.5051040649414,92.00270080566406,87.5451431274414,88.2105712890625,88.2105712890625,3398528443.0,88.2105712890625,1.462819306654514,45.82375806303795,52.42732384201533,51.67507682341695,61.43177761966235,60.28158594310011
2019-05-23,88.1976089477539,89.7386703491211,85.23011779785156,89.17677307128906,89.17677307128906,3208807269.0,89.17677307128906,1.478842087150215,48.65807659024755,50.07737681289884,51.97292475882775,61.34920986645842,60.359402000740786
2019-05-24,88.97394561767578,102.74993133544922,88.3244400024414,99.90303039550781,99.90303039550781,5393657682.0,99.90303039550781,1.6567184581193382,78.33884762565533,57.60689409298027,52.342913455650454,61.28699077449433,60.44702905127991
2019-05-25,100.04553985595703,104.10557556152344,98.7228775024414,102.67231750488281,102.67231750488281,4507357465.0,102.67231750488281,1.7026422809680575,84.21391879961688,70.40361433850659,52.728228313675345,61.24104643521244,60.53709905811641
2019-05-26,102.70059204101562,112.6732177734375,99.74384307861328,111.4186019897461,111.4186019897461,5168378349.0,111.4186019897461,1.8476842370395656,95.5782087934072,86.04365840622647,53.17741357563623,61.222256302506956,60.63512292300185
2019-05-27,111.43529510498047,120.69171142578125,111.1279525756836,118.03260040283203,118.03260040283203,6355361291.0,118.03260040283203,1.9573659274702915,92.56274460725099,90.78495740009168,53.653590624449684,61.222367545349954,60.738804448576275
2019-05-28,117.89189147949219,117.89189147949219,112.99124145507812,114.93115997314453,114.93115997314453,4171886802.0,114.93115997314453,1.9059339179879053,83.88834013075025,90.67643117713614,54.120913906827,61.2314994916524,60.83947155377636
2019-05-29,114.92544555664062,117.87444305419922,110.47267150878906,115.08123016357422,115.08123016357422,4122926836.0,115.08123016357422,1.9084225717706191,84.30807075629825,86.91971849809983,54.57999822481082,61.219206969378746,60.94035886890812
2019-05-30,115.14059448242188,119.74174499511719,105.29833221435547,108.79557800292969,108.79557800292969,4971290022.0,108.79557800292969,1.8041859343570086,66.72775913138166,78.30805667281005,54.9852931955473,61.19526883478034,61.03544992660279
2019-05-31,108.69622039794922,114.62804412841797,105.91383361816406,114.53695678710938,114.53695678710938,4207966341.0,114.53695678710938,1.8993967419686357,82.64388593685658,77.89323860817882,55.426492701462706,61.18557831228596,61.1358029554968
2019-06-01,114.46625518798828,115.6069107055664,111.67902374267578,112.61927032470703,112.61927032470703,3807158511.0,112.61927032470703,1.867595238585107,77.23610172241008,75.53591559688276,55.866681270912046,61.16559000929741,61.23432193281444
2019-06-02,112.71016693115234,116.24699401855469,111.91221618652344,114.70283508300781,114.70283508300781,3434073037.0,114.70283508300781,1.9021475457583543,83.11165480714162,80.99721415546942,56.30581842224455,61.142016956904165,61.33476739844231
2019-06-03,114.66870880126953,115.90577697753906,106.46244812011719,107.46857452392578,107.46857452392578,3832352496.0,107.46857452392578,1.7821798836000815,62.711385617365835,74.35304738230583,56.70885352879925,61.09261579121629,61.428472973331466
2019-06-04,107.37293243408203,107.37293243408203,99.2943115234375,102.08782196044922,102.08782196044922,4316694183.0,102.08782196044922,1.6929494362833861,47.5379204315298,64.45365361867908,57.09691374940299,61.043807084593055,61.51731295672726
2019-06-05,102.11949920654297,104.84400177001953,101.21884155273438,103.84928894042969,103.84928894042969,3585162872.0,103.84928894042969,1.722160310543639,52.505173168285346,54.25149307239366,57.493980220106785,60.99489829703553,61.607757138334996
2019-06-06,103.80683135986328,111.33433532714844,102.08814239501953,111.10722351074219,111.10722351074219,4142250662.0,111.10722351074219,1.8425205651110503,70.38833521157503,56.81047627046339,57.9410402475159,60.967293433620505,61.70469600925707
2019-06-07,110.97515106201172,120.63969421386719,109.5865707397461,117.3744125366211,117.3744125366211,5140908477.0,117.3744125366211,1.946451023462426,84.89997739190046,69.26449525725361,58.43519736118004,60.95619318713881,61.80753037679141
2019-06-08,117.278076171875,119.49824523925781,114.45549774169922,118.55203247070312,118.55203247070312,4689557936.0,118.55203247070312,1.9659798072612675,90.00028524566784,81.76286594971444,58.94492111831415,60.95199601682898,61.91146084489343
2019-06-09,118.5860595703125,119.13320922851562,112.56881713867188,115.1323013305664,115.1323013305664,4360301111.0,115.1323013305664,1.9092694984824385,74.01829137844969,82.97285133867267,59.43819042893707,60.94484890454436,62.01231854473619
2019-06-10,114.99555969238281,129.7088165283203,113.1698989868164,129.07144165039062,129.07144165039062,5449266884.0,129.07144165039062,2.1404259605711666,97.90437201648568,87.30764954686772,60.001711840186616,61.00519806326252,62.125771915967064
2019-06-11,129.26412963867188,138.14874267578125,125.9625244140625,136.0297393798828,136.0297393798828,5441787587.0,136.0297393798828,2.255817257911212,94.54630209977834,88.8229884982379,60.61052025341597,61.08331790035718,62.2454210113717
2019-06-12,136.08583068847656,142.70640563964844,132.23800659179688,135.65374755859375,135.65374755859375,5855623530.0,135.65374755859375,2.249582085785147,83.75416292479407,92.06827901368604,61.221729893501994,61.17893912955506,62.36443486300777
2019-06-13,135.68211364746094,136.88600158691406,129.1358184814453,131.3517608642578,131.3517608642578,4947794845.0,131.3517608642578,2.1782410990815984,73.844512671987,84.04832589885314,61.80565301446967,61.2810655985793,62.47955946661022
2019-06-14,131.3140106201172,133.1774444580078,126.86178588867188,133.0532684326172,133.0532684326172,4352005824.0,133.0532684326172,2.2064576505112283,77.7639448095028,78.45420680209462,62.40338201470714,61.36846085639849,62.59631677109357
2019-06-15,133.1798095703125,139.186279296875,133.1439666748047,138.12709045410156,138.12709045410156,4329002013.0,138.12709045410156,2.2905981872189467,89.45152202681494,80.35332650276824,63.02995447252618,61.48202548092359,62.71767504552728
2019-06-16,138.14878845214844,138.7944793701172,134.54083251953125,137.12225341796875,137.12225341796875,4372645801.0,137.12225341796875,2.2739347080574777,87.1368743310762,84.78411372246465,63.64929779761476,61.5903686314413,62.83773117653311
2019-06-17,137.12994384765625,137.27732849121094,133.05030822753906,134.43809509277344,134.43809509277344,3230230843.0,134.43809509277344,2.2294225984221554,80.9539007154519,85.84743235778102,64.24405673292817,61.695397384852576,62.955397683626984
2019-06-18,134.4720916748047,135.92283630371094,129.7471466064453,135.1587371826172,135.1587371826172,3720828769.0,135.1587371826172,2.241373197390127,81.80739548550183,83.2993901773433,64.82268977556072,61.79495830797169,63.07375274052903
2019-06-19,135.1526641845703,139.34060668945312,134.03050231933594,136.6031951904297,136.6031951904297,4383960510.0,136.6031951904297,2.26532702775991,84.97422104814932,82.57850574970101,65.40444408479284,61.898425418383454,63.193396042035594
2019-06-20,136.60227966308594,137.08358764648438,132.64306640625,135.47984313964844,135.47984313964844,3880682308.0,135.47984313964844,2.2466981826675476,78.18056001232873,81.65405884865994,65.98257007494651,62.00112772902397,63.31228672989972
2019-06-21,135.50851440429688,141.07347106933594,135.50851440429688,138.88375854492188,138.88375854492188,4378260963.0,138.88375854492188,2.303146214919098,87.31601536532129,83.49026547526644,66.56217054982002,62.116081864866494,63.43471778778181
2019-06-22,139.03695678710938,146.43467712402344,138.479736328125,141.90304565429688,141.90304565429688,5488615002.0,141.90304565429688,2.353215854094811,86.61887968683894,84.0384850214963,67.1693095014395,62.27177268250348,63.560738194696434
2019-06-23,141.94515991210938,142.56011962890625,136.321533203125,136.88217163085938,136.88217163085938,3998980168.0,136.88217163085938,2.26995336808623,71.28342340428998,81.73943948548339,67.74322349256505,62.42048082743606,63.68222829675021
2019-06-24,136.92086791992188,138.6890106201172,132.83248901367188,135.5327606201172,135.5327606201172,3907725105.0,135.5327606201172,2.2475757272855907,46.747581173513765,68.21662808821422,68.30099991761922,62.57049633705453,63.80209465353456
2019-06-25,135.58094787597656,138.1245574951172,130.8856964111328,136.48939514160156,136.48939514160156,4411092400.0,136.48939514160156,2.2634398513581333,49.188487981483235,55.73983085309565,68.86544105654858,62.72023879795859,63.92287668572169
2019-06-26,136.4770050048828,138.3216094970703,128.944091796875,131.2650909423828,131.2650909423828,5565887285.0,131.2650909423828,2.1768038287729237,22.4969576582427,39.47767560441323,69.412603690976,62.86927548761237,64.03903265021162
2019-06-27,131.22300720214844,132.0428466796875,110.66587829589844,114.40476989746094,114.40476989746094,5588611122.0,114.40476989746094,1.8972046517073595,10.45294145752138,27.379462365749102,69.86844450528504,62.96172773805383,64.13974947189087
2019-06-28,114.4111099243164,122.02327728271484,113.46674346923828,120.15009307861328,120.15009307861328,4683311766.0,120.15009307861328,1.9924808703004646,26.515329263048688,19.821742792937584,70.37038759325371,63.08561894665026,64.24573068945375
2019-06-29,120.15509796142578,135.74449157714844,116.21924591064453,133.66278076171875,133.66278076171875,5745785825.0,133.66278076171875,2.2165653551732007,64.29319188582271,33.75382086879759,70.92313049399787,63.23601314596934,64.36408767634875
2019-06-30,133.72463989257812,136.25967407226562,120.44098663330078,122.24911499023438,122.24911499023438,5525273220.0,122.24911499023438,2.027289507548129,32.38363342866308,41.064051525844825,71.41867209262536,63.347999760875965,64.47190102333347
2019-07-01,122.1141357421875,126.02436828613281,114.22135162353516,122.5837173461914,122.5837173461914,5034162436.0,122.5837173461914,2.0328383071896376,33.319092171811974,43.33197249543258,71.91379340750272,63.46400200830747,64.57996289305491
2019-07-02,122.55633544921875,123.29338836669922,112.64794158935547,119.24369812011719,119.24369812011719,4761878443.0,119.24369812011719,1.9774498822299136,23.981291251731975,29.894672284069003,72.39890529028054,63.557115967632974,64.68466953969981
2019-07-03,119.33422088623047,123.73639678955078,118.37224578857422,122.56411743164062,122.56411743164062,4529682890.0,122.56411743164062,2.0325132766066285,33.26429605007201,30.188226491205313,72.89390084522017,63.659753815115316,64.79271595728451
2019-07-04,122.50275421142578,126.67379760742188,119.0459976196289,119.97692108154297,119.97692108154297,4564200301.0,119.97692108154297,1.989609113129136,26.031186650649445,27.758924650817807,73.36681472278032,63.75422756247325,64.89813729181681
2019-07-05,119.83766174316406,120.64836883544922,117.1535873413086,118.35250854492188,118.35250854492188,4110868217.0,118.35250854492188,1.9626710490647488,21.489763427502748,26.928415376074728,73.83854045763694,63.84900155263404,65.00215576533313
2019-07-06,118.37871551513672,121.29405975341797,117.32711791992188,117.82362365722656,117.82362365722656,3484378308.0,117.82362365722656,1.953900410654719,22.44212454089783,23.32102487301667,74.30531344387701,63.943372857080746,65.10567668170145
2019-07-07,118.02600860595703,120.32526397705078,117.6410903930664,120.32087707519531,120.32087707519531,3348662401.0,120.32087707519531,1.9953130266261407,34.45367444149927,26.128520803299946,74.77189273521549,64.03684951573202,65.21180361982894
2019-07-08,120.28349304199219,125.08201599121094,118.59856414794922,123.28548431396484,123.28548431396484,3803750017.0,123.28548431396484,2.0444758950005975,45.63106983601167,34.175622939469584,75.23083606574053,64.14887548995344,65.32053930400168
2019-07-09,123.24710083007812,124.16542053222656,118.22809600830078,119.43281555175781,119.43281555175781,3785641025.0,119.43281555175781,1.9805860667731727,31.700254793797995,37.261666357102975,75.67688273862412,64.25456101927038,65.42580847783721
2019-07-10,119.5009994506836,120.10431671142578,103.82218933105469,108.50025939941406,108.50025939941406,4699511838.0,108.50025939941406,1.7992885876045284,14.421802755920885,30.584375795243513,76.05404417110923,64.34337404852045,65.52115133559867
2019-07-11,108.57040405273438,108.57040405273438,97.28199768066406,102.64430236816406,102.64430236816406,4633853162.0,102.64430236816406,1.7021776985232113,13.757373922513771,19.959810490744214,76.40190628968953,64.40897515701921,65.61115942894051
2019-07-12,102.82732391357422,106.3561019897461,101.21263122558594,105.30005645751953,105.30005645751953,3611846208.0,105.30005645751953,1.7462187731797312,20.57089985636779,16.25002551160081,76.79225627711561,64.48703393805516,65.70353091448953
2019-07-13,105.28663635253906,105.59156799316406,98.0140380859375,101.02479553222656,101.02479553222656,3353538171.0,101.02479553222656,1.6753209869947816,9.602413991945792,14.643562590275778,77.16765062926245,64.55301283744916,65.79201150419505
2019-07-14,101.10679626464844,101.68443298339844,88.80690002441406,89.77047729492188,89.77047729492188,3717531246.0,89.77047729492188,1.4886876418051829,2.5446427671967586,10.905985538503442,77.48123560837709,64.58876100305008,65.8702051273764
2019-07-15,89.85773468017578,92.63166046142578,85.68106842041016,90.9229736328125,90.9229736328125,3570361793.0,90.9229736328125,1.507799794342892,12.787402342714005,8.311486367285513,77.81232892229258,64.62159379932979,65.94944092976992
2019-07-16,90.90007019042969,92.06021118164062,77.49899291992188,79.49993133544922,79.49993133544922,3703346636.0,79.49993133544922,1.3183684533015034,4.069031749577996,6.467025619829582,78.06993378185835,64.60763223726455,66.01826947900258
2019-07-17,79.4073257446289,93.04772186279297,77.49747467041016,89.81072235107422,89.81072235107422,4616360556.0,89.81072235107422,1.4893550362486916,25.038975964989664,13.96513668576055,78.38853298249792,64.60764490414972,66.09646202004663
2019-07-18,89.69473266601562,103.1461181640625,87.44803619384766,101.08541870117188,101.08541870117188,4890332056.0,101.08541870117188,1.676326317089212,49.57060292278292,26.226203545783523,78.76701386248479,64.64633893574754,66.18498914209131
2019-07-19,101.08193969726562,101.17887878417969,95.72212219238281,98.40265655517578,98.40265655517578,3983990085.0,98.40265655517578,1.6318373606639678,43.93271702217139,39.51409863664799,79.13047837429359,64.67848949693654,66.27106539473687
2019-07-20,98.45692443847656,104.61331939697266,97.70774841308594,100.60993957519531,100.60993957519531,3771308934.0,100.60993957519531,1.6684413205947386,48.5713726837626,47.35823087623896,79.50915844192922,64.72740823406063,66.3591794399366
2019-07-21,100.50656127929688,101.46703338623047,96.9504165649414,99.6275863647461,99.6275863647461,2829054215.0,99.6275863647461,1.6521506966797188,46.50693498365641,46.337008229863464,79.87569867326914,64.76895258655287,66.44640076976933
2019-07-22,99.55789184570312,100.2451171875,92.30303955078125,95.41738891601562,95.41738891601562,2693989249.0,95.41738891601562,1.5823318753884645,38.398763679606255,44.49235711567508,80.22674229105965,64.80254489428377,66.52985200163437
2019-07-23,95.40665435791016,95.47981262207031,89.44454193115234,90.62262725830078,90.62262725830078,2700924026.0,90.62262725830078,1.5028190707300761,30.805269668321465,38.570322777194704,80.5513857752899,64.82498168945312,66.60890736884723
2019-07-24,90.46114349365234,96.41960906982422,88.1529312133789,94.3096694946289,94.3096694946289,3247150970.0,94.3096694946289,1.5639622703368126,54.10559982085995,41.10321105626255,80.89360022414577,64.83874735374974,66.69131741393102
2019-07-25,94.35980987548828,95.84864807128906,92.47152709960938,93.44631958007812,93.44631958007812,2690273677.0,93.44631958007812,1.5496451096502,55.26543148842662,46.72543365920268,81.22936176862873,64.85837644812179,66.77297429015103
2019-07-26,93.41134643554688,94.54645538330078,90.75366973876953,94.30501556396484,94.30501556396484,2260844511.0,94.30501556396484,1.5638850929698855,59.82588831205299,56.39897320711318,81.56558530838763,64.88653403504254,66.85547180197554
2019-07-27,94.31610870361328,95.6519775390625,87.69709014892578,88.88902282714844,88.88902282714844,2626517608.0,88.88902282714844,1.4740702485091965,42.01067040916928,52.36733006988296,81.87108919529315,64.89865848070954,66.93303630689508
2019-07-28,88.8858871459961,90.41407775878906,85.35436248779297,89.76933288574219,89.76933288574219,2460180908.0,89.76933288574219,1.4886686637641353,45.257148870271415,49.03123586383122,82.18048159281413,64.91549500765866,67.01139392591503
2019-07-29,89.77179718017578,91.39435577392578,88.56600952148438,90.42642211914062,90.42642211914062,2457824867.0,90.42642211914062,1.499565348852595,47.680415561848086,44.98274494709625,82.49651212640147,64.93287123588667,67.0902514440284
2019-07-30,90.47145080566406,92.19244384765625,89.02040100097656,90.56694793701172,90.56694793701172,2302521844.0,90.56694793701172,1.5018957257729715,48.19865801119149,47.04540748110366,82.82092572821945,64.95401383491412,67.16925156998308
2019-07-31,90.47100067138672,99.48381042480469,90.33488464355469,98.50957489013672,98.50957489013672,3051471469.0,98.50957489013672,1.633610415778912,68.30698289829697,54.728685490445514,83.18929984921314,65.00554061262575,67.25554906287694
2019-08-01,98.56668853759766,100.25748443603516,95.98094177246094,99.17972564697266,99.17972564697266,2953184689.0,99.17972564697266,1.644723703575862,71.7866664553878,62.76410245495875,83.5567794758114,65.06396287891963,67.34259591734028
2019-08-02,99.1995849609375,99.1995849609375,93.54407501220703,94.94129180908203,94.94129180908203,2882784454.0,94.94129180908203,1.5744366307518256,49.779068339467024,63.29090589771726,83.90262163923086,65.11547655079463,67.42597647605966
2019-08-03,95.01681518554688,96.84276580810547,94.15895080566406,94.58087921142578,94.58087921142578,2512959054.0,94.58087921142578,1.5684598130245557,57.2624910034471,59.609408599433976,84.24007409517883,65.16217622103757,67.50895515119649
2019-08-04,94.5982437133789,95.39308166503906,91.45407104492188,93.20378112792969,93.20378112792969,2427608117.0,93.20378112792969,1.545623030150837,52.66962631989033,53.23706188760148,84.56143449043316,65.21698466261772,67.59064951748609
2019-08-05,93.08528137207031,105.5912857055664,93.08528137207031,96.83464813232422,96.83464813232422,4134352823.0,96.83464813232422,1.6058346609826817,56.7294025924281,55.55383997192185,84.90785740503196,65.27793054450048,67.67567747020286
2019-08-06,96.88960266113281,98.97561645507812,91.66018676757812,93.06971740722656,93.06971740722656,3245339849.0,93.06971740722656,1.543399815902243,38.12513807759792,49.17472232997212,85.23004915414612,65.3304823783979,67.75723869158253
2019-08-07,93.03887176513672,93.73897552490234,88.54072570800781,90.91259765625,90.91259765625,3105989436.0,90.91259765625,1.5076277267707268,27.465811421251097,40.77345069709237,85.5396445227451,65.39279003404592,67.83681154795433
2019-08-08,90.91156768798828,91.72232818603516,88.49970245361328,90.03160858154297,90.03160858154297,3034717882.0,90.03160858154297,1.4930180512114333,23.112436823608274,29.567795440819097,85.85165884716264,65.46824540438718,67.91557510824508
2019-08-09,90.08919525146484,90.35707092285156,83.48514556884766,84.43937683105469,84.43937683105469,3003278177.0,84.43937683105469,1.4002805884294078,4.31658922048555,18.298279155114972,86.13153292963413,65.52429629809235,67.98925513284935
2019-08-10,84.3909912109375,87.11417388916016,83.13603210449219,85.41947937011719,85.41947937011719,3088060147.0,85.41947937011719,1.4165338888637007,10.168877654161804,12.532634566085209,86.3607939006201,65.59559897853903,68.06386431950956
2019-08-11,85.45075225830078,91.03135681152344,85.44612121582031,89.75267028808594,89.75267028808594,3025787942.0,89.75267028808594,1.4883923434864816,29.465880462277312,14.650449112308223,86.60649000490949,65.6816087592138,68.14241272151197
2019-08-12,89.702392578125,89.70867919921875,85.63082122802734,85.74922943115234,85.74922943115234,2716187719.0,85.74922943115234,1.4220022216111674,11.637353882011583,17.090703999483566,86.81917755460479,65.75399541985499,68.21733498573303
2019-08-13,85.74642944335938,86.32353210449219,83.34724426269531,84.40614318847656,84.40614318847656,2681787838.0,84.40614318847656,1.3997294661173845,5.656186772807657,15.58647370569885,87.04444314091583,65.82949662927079,68.29102606620962
2019-08-14,84.42034912109375,85.5505142211914,75.96186065673828,76.06498718261719,76.06498718261719,3093090406.0,76.06498718261719,1.2614058630970144,0.34805442801862607,5.880531694279289,87.22005158304516,65.88841604990502,68.35715828290269
2019-08-15,76.13327026367188,78.50770568847656,72.9977798461914,76.38897705078125,76.38897705078125,3654075558.0,76.38897705078125,1.2667786730378745,10.404518063264497,5.469586421363593,87.40798237284676,65.94838475266548,68.4236531660437
2019-08-16,76.31524658203125,77.16976928710938,73.06852722167969,74.92015075683594,74.92015075683594,3016089036.0,74.92015075683594,1.2424207369140507,5.8980182093286295,5.550196900203917,87.58983812175813,66.00196900041136,68.48875127622526
2019-08-17,74.90509033203125,75.33065795898438,72.26969146728516,72.79772186279297,72.79772186279297,2482385549.0,72.79772186279297,1.2072239354668253,1.5846492569709916,5.9623951765213725,87.75430835661341,66.03288220967332,68.55194605409282
2019-08-18,72.839599609375,77.55828094482422,71.66908264160156,76.26995086669922,76.26995086669922,2743241606.0,76.26995086669922,1.2648048302486465,13.562999479786452,7.015222315362024,87.93286130727967,66.08492125419721,68.61830480370892
2019-08-19,76.33711242675781,78.50802612304688,75.88134765625,77.26319122314453,77.26319122314453,2346796021.0,77.26319122314453,1.281275998594166,20.486337151960733,11.87799529623939,88.11501881333648,66.13786424610713,68.68557338932334
2019-08-20,77.29838562011719,77.44202423095703,73.94193267822266,75.19656372070312,75.19656372070312,2430165429.0,75.19656372070312,1.2470045664284237,15.983227004108555,16.677521211951913,88.26339798807446,66.1959474328446,68.75094416892692
2019-08-21,75.24427795410156,75.46507263183594,70.58210754394531,72.96495056152344,72.96495056152344,2878567011.0,72.96495056152344,1.20999713334498,11.271609023956554,15.913724393341946,88.40055795054619,66.24146729560748,68.81427739308849
2019-08-22,72.95076751708984,74.57101440429688,71.30902099609375,73.59859466552734,73.59859466552734,2908864703.0,73.59859466552734,1.2205050216325106,14.751089793621967,14.00197527389569,88.51975264835879,66.29154947359268,68.87815075813363
2019-08-23,73.57733154296875,75.6928482055664,72.86895751953125,75.40281677246094,75.40281677246094,2496513401.0,75.40281677246094,1.250424915506303,23.574015678701528,16.53223816542668,88.66320192097315,66.34047938307671,68.94342207015922
2019-08-24,75.40780639648438,75.6932144165039,72.32014465332031,73.46361541748047,73.46361541748047,2191973575.0,73.46361541748047,1.2182666249510783,14.091020339332111,17.472041937218535,88.79247996846183,66.38303778661441,69.00699153621447
2019-08-25,73.47003936767578,74.7339859008789,71.17426300048828,72.30814361572266,72.30814361572266,2227400267.0,72.30814361572266,1.1991051295066453,9.024283613845945,15.563106543959861,88.9051969976373,66.42249050401662,69.06955416061018
2019-08-26,72.32022857666016,74.98611450195312,72.12271118164062,73.857177734375,73.857177734375,3046136697.0,73.857177734375,1.2247931732673614,20.805424425423844,14.6402427928673,89.06464281759627,66.46775921338225,69.1335092270211
2019-08-27,73.93386840820312,73.93386840820312,72.36612701416016,72.83622741699219,72.83622741699219,2489689274.0,72.83622741699219,1.2078624832879417,15.059183797253636,14.96296394550781,89.21012457342096,66.50224229995518,69.19661375442053
2019-08-28,72.90277099609375,73.04862213134766,66.53832244873047,67.42554473876953,67.42554473876953,2883041616.0,67.42554473876953,1.1181356969377136,7.412232701656518,14.425613641444665,89.32998475872103,66.51430023402384,69.25477422448598
2019-08-29,67.35533905029297,67.43074798583984,63.62866973876953,64.09805297851562,64.09805297851562,3092332444.0,64.09805297851562,1.0629550182673244,3.154593704349199,8.542003401086452,89.43116851973403,66.52068613130753,69.30987790752219
2019-08-30,64.08373260498047,65.43724060058594,62.61457824707031,64.33297729492188,64.33297729492188,2377466438.0,64.33297729492188,1.0668508305335838,10.811996624401278,7.126274343468999,89.53005224759461,66.5316937381274,69.36515545757938
2019-08-31,64.35909271240234,65.26631927490234,63.01076126098633,64.5760498046875,64.5760498046875,2283340831.0,64.5760498046875,1.0708817664521022,12.341384782731835,8.76932503716077,89.62343372282434,66.53895552125695,69.42066103726218
2019-09-01,64.55860900878906,66.77418518066406,64.49559783935547,66.14472198486328,66.14472198486328,2228146663.0,66.14472198486328,1.0968954733971958,22.21131478418154,15.121565397104883,89.71703676317559,66.53948627628692,69.47756762352164
2019-09-02,66.1136245727539,67.55126190185547,64.95519256591797,66.94495391845703,66.94495391845703,2400017919.0,66.94495391845703,1.1101659318598944,29.205135369183772,21.252611645365718,89.8184828419503,66.54303574235472,69.53521180980282
2019-09-03,66.99076843261719,70.70952606201172,66.63894653320312,69.12925720214844,69.12925720214844,2816706430.0,69.12925720214844,1.1463888127264288,49.811607805894496,33.742685986419936,89.94251138655866,66.55332631150337,69.59479218160725
2019-09-04,69.17649841308594,69.23666381835938,67.06103515625,67.28562927246094,67.28562927246094,2696779274.0,67.28562927246094,1.1158154416392292,35.715123235153946,38.2439554700774,90.01985112174613,66.55216392621602,69.65257408956414
2019-09-05,67.3087387084961,67.62285614013672,64.61590576171875,65.39556884765625,65.39556884765625,2379080140.0,65.39556884765625,1.0844720681665903,21.263613151694365,35.59678139758093,90.07237183200857,66.57122658507464,69.7086621066751
2019-09-06,65.38672637939453,67.88983154296875,64.89051055908203,65.22820281982422,65.22820281982422,2595201216.0,65.22820281982422,1.0816965929235098,19.983922932746406,25.65421977319824,90.11630171895679,66.59243755601857,69.76460351573822
2019-09-07,65.23687744140625,70.29487609863281,64.90352630615234,69.03871154785156,69.03871154785156,2763572250.0,69.03871154785156,1.1448872701187396,51.9267225058308,31.0580861967572,90.18700752883662,66.62761813647127,69.82402710609784
2019-09-08,69.01606750488281,71.10938262939453,68.93650817871094,70.54936981201172,70.54936981201172,2776939870.0,70.54936981201172,1.1699389169029915,64.13747978800687,45.34937507552803,90.25510850499887,66.67502846913796,69.88481343478372
2019-09-09,70.61939239501953,70.80872344970703,68.5150375366211,70.1922378540039,70.1922378540039,2654086135.0,70.1922378540039,1.1640165028933915,66.944653764183,61.00295201934023,90.32620343484514,66.71685871490061,69.94529037344945
2019-09-10,70.1321029663086,72.67292785644531,70.0732421875,70.82339477539062,70.82339477539062,2893715133.0,70.82339477539062,1.174483145571712,78.67339470068609,69.91850941762532,90.41037381281618,66.76131788279912,70.0063446334508
2019-09-11,70.87614440917969,71.41376495361328,68.97483825683594,69.9221420288086,69.9221420288086,2569282757.0,69.9221420288086,1.1595374321656016,72.65171788150198,72.7565887821237,90.48100270339049,66.80941334554593,70.0666795120936
2019-09-12,69.95857238769531,70.14852905273438,68.73841857910156,69.2250747680664,69.2250747680664,2316445209.0,69.2250747680664,1.1479777808432108,65.72148292434282,72.34886516884363,90.55363597765647,66.85754615052106,70.12640726076414
2019-09-13,69.23320770263672,69.71765899658203,67.91339874267578,68.98861694335938,68.98861694335938,2368931048.0,68.98861694335938,1.1440565380019474,61.86868776597698,66.74729619060726,90.6214197711215,66.89714126586914,70.18592041768984
2019-09-14,69.02195739746094,71.16039276123047,68.48624420166016,70.56230163574219,70.56230163574219,2439744085.0,70.56230163574219,1.1701533687668297,74.1892987528678,67.2598231477292,90.68466044775124,66.93545853079182,70.24686118631058
2019-09-15,70.58721923828125,71.23120880126953,69.97159576416016,70.31517791748047,70.31517791748047,2330572400.0,70.31517791748047,1.1660552505830026,70.73670754225653,68.93156468703376,90.73094692125999,66.97272449650177,70.30759475525112
2019-09-16,70.32331848144531,73.26958465576172,70.1119613647461,72.57311248779297,72.57311248779297,2652253522.0,72.57311248779297,1.203499178610542,91.9517216146281,78.95924263658414,90.79285585163721,67.01546535753224,70.37039559769303
2019-09-17,72.59107208251953,76.63707733154297,72.41905212402344,74.22122955322266,74.22122955322266,3104946341.0,74.22122955322266,1.2308303411651629,79.90339157636997,80.8639402444182,90.86912046755597,67.07486461482635,70.43470227315545
2019-09-18,74.22852325439453,79.65522003173828,74.14994049072266,77.96913146972656,77.96913146972656,3665577129.0,77.96913146972656,1.292982792994813,88.7887936129316,86.88130226797655,90.96394869278038,67.14026717094526,70.50221435686224
2019-09-19,77.91927337646484,78.0499267578125,73.38317108154297,77.05962371826172,77.05962371826172,3778427056.0,77.05962371826172,1.2779001846526121,82.4202682871375,83.70415115881303,91.05254474493975,67.20252778562781,70.56908966613142
2019-09-20,76.95783996582031,77.04866790771484,73.8720932006836,75.14909362792969,75.14909362792969,3148504140.0,75.14909362792969,1.2462173572857675,69.45349810243833,80.22085333416915,91.13872380074257,67.25325297525484,70.63421023556087
2019-09-21,75.18181610107422,75.5663070678711,72.90705871582031,73.51652526855469,73.51652526855469,2572614027.0,73.51652526855469,1.2191440430488476,47.71939878780318,66.53105505912634,91.21354633602289,67.28830427404952,70.69784142764192
2019-09-22,73.5092544555664,73.55011749267578,71.80260467529297,72.61611938476562,72.61611938476562,2494428147.0,72.61611938476562,1.2042123733931125,40.05103234257555,52.40797641093902,91.27511740512536,67.32167282104493,70.76071681519078
2019-09-23,72.61321258544922,74.0531005859375,64.3250503540039,66.85189056396484,66.85189056396484,3215899051.0,66.85189056396484,1.1086226375619004,16.482793492044216,34.75107487414098,91.3113360587365,67.33670155773424,70.81828666038164
2019-09-24,66.8441162109375,67.60664367675781,55.823638916015625,55.823638916015625,55.823638916015625,3919809840.0,55.823638916015625,0.9257382146008524,0.0,18.844608611539922,91.2912644766719,67.33082357955305,70.8657921388269
2019-09-25,55.834205627441406,58.35749435424805,54.254356384277344,57.65800857543945,57.65800857543945,3360298410.0,57.65800857543945,0.9561580533359765,13.399749860482943,9.96084778417572,91.28205398392808,67.33115346203111,70.91496988191996
2019-09-26,57.65776062011719,57.833927154541016,51.844608306884766,55.540618896484375,55.540618896484375,2663433163.0,55.540618896484375,0.9210448185294976,13.28992913268641,8.896559664389784,91.24538288220681,67.32607159549242,70.96216794475573
2019-09-27,55.56645202636719,56.69869613647461,53.77085876464844,56.36084747314453,56.36084747314453,2324084589.0,56.36084747314453,0.9346468866294353,16.239265827524886,14.309648273564747,91.21910070200435,67.30793857313182,71.01012101086307
2019-09-28,56.41657638549805,56.574928283691406,54.637699127197266,55.682247161865234,55.682247161865234,1975938676.0,55.682247161865234,0.9233934776294166,13.799188931723085,14.442794630644796,91.18839378565387,67.2909170594934,71.05746771146174
2019-09-29,55.70661544799805,55.88847732543945,52.9976692199707,54.31954574584961,54.31954574584961,1825233237.0,54.31954574584961,0.9007954385120771,8.899255663452616,12.979236807566863,91.15395434436903,67.2709517073958,71.10356263003938
2019-09-30,54.31433868408203,56.159523010253906,53.319053649902344,56.056907653808594,56.056907653808594,2241248501.0,56.056907653808594,0.9296065719677294,15.146374299848361,12.614939631674687,91.1282795348454,67.25702022395721,71.15124784256226
2019-10-01,56.0892333984375,57.56550598144531,55.50624084472656,56.058074951171875,56.058074951171875,2325767310.0,56.058074951171875,0.9296259295695982,15.150571609043967,13.06540052411498,91.1030340767949,67.24565029405568,71.19892716211815
2019-10-02,56.01337814331055,56.886688232421875,55.598915100097656,56.50892639160156,56.50892639160156,2113331224.0,56.50892639160156,0.9371025186207261,17.79912765972004,16.03202452287079,90.99546941121419,67.23689283606124,71.24702452872987
2019-10-03,56.5347900390625,56.9116096496582,54.8372917175293,56.54681396484375,56.54681396484375,2221643896.0,56.54681396484375,0.9377308182996766,18.656540781248275,17.20208001667076,90.84041409935456,67.2343430087991,71.29516045927457
2019-10-04,56.523712158203125,57.523277282714844,56.044254302978516,56.85321044921875,56.85321044921875,2292624175.0,56.85321044921875,0.9428118724894979,21.114011238399737,19.189893226456018,90.68671085795418,67.23043536878612,71.34358984781727
2019-10-05,56.80954360961914,57.42682647705078,55.88550567626953,56.8438720703125,56.8438720703125,2063875681.0,56.8438720703125,0.9426570116745492,22.510595049007843,20.760382356218617,90.51275461749302,67.2251687141314,71.39199235188907
2019-10-06,56.835426330566406,56.94423294067383,54.59280776977539,55.41156768798828,55.41156768798828,2381501439.0,55.41156768798828,0.9189047281006921,16.06124061140299,19.895282299603522,90.30968439904719,67.21850423943506,71.43908370139937
2019-10-07,55.34202575683594,58.65361022949219,54.44594955444336,57.788299560546875,57.788299560546875,2891486029.0,57.788299560546875,0.9583187033092502,37.708906966562544,25.426914208991125,90.12102827478628,67.21748505683794,71.48833119880119
2019-10-08,57.79338455200195,58.3152961730957,57.0092887878418,57.39858627319336,57.39858627319336,2417116506.0,57.39858627319336,0.951855984471024,81.568165634792,45.11277107091917,89.94564873533822,67.21196720698109,71.53724493065926
2019-10-09,57.42048263549805,59.932804107666016,56.97870635986328,59.43086624145508,59.43086624145508,2790624239.0,59.43086624145508,0.98555782236479,93.7941924432337,71.02375501486274,89.79616186006473,67.2139331451834,71.58803555736803
2019-10-10,59.401573181152344,59.408851623535156,57.430686950683594,57.776084899902344,57.776084899902344,2440262585.0,57.776084899902344,0.958116144351135,68.90155357193933,81.42130388332167,89.6289397067711,67.21336954195205,71.63733319648324
2019-10-11,57.76942443847656,58.242374420166016,55.99586868286133,56.29697036743164,56.29697036743164,2441054545.0,56.29697036743164,0.9335875956382929,47.57371270910295,70.08981957475866,89.5011745515417,67.22724342868753,71.6852607219731
2019-10-12,56.404388427734375,56.93097686767578,55.74159622192383,55.98286819458008,55.98286819458008,2098404880.0,55.98286819458008,0.9283787559720842,43.04456975892242,53.173278679988236,89.37559482178402,67.23390416184517,71.73295419967337
2019-10-13,55.94187545776367,57.726322174072266,55.87654113769531,56.71399688720703,56.71399688720703,2235957909.0,56.71399688720703,0.9405032570561893,51.331589526778586,47.31662399826799,89.25806854331428,67.24284168400176,71.78118016033956
2019-10-14,56.71815872192383,57.32960891723633,56.4776496887207,56.97540283203125,56.97540283203125,2243495397.0,56.97540283203125,0.9448382211922912,46.100242917907096,46.8254674012027,89.11619903481072,67.25595949773918,71.82965303969709
2019-10-15,57.007320404052734,57.37456512451172,54.711639404296875,54.94420623779297,54.94420623779297,2602960066.0,54.94420623779297,0.9111543491773837,9.080916552762687,35.504249665816126,88.98444768770145,67.25613649969232,71.8762939311598
2019-10-16,54.986629486083984,55.55139923095703,52.16562271118164,52.9231071472168,52.9231071472168,2978803244.0,52.9231071472168,0.8776379267446531,9.752372158811857,21.644510543160546,88.82911340265326,67.2529992613074,71.92107717979988
2019-10-17,52.89723205566406,55.126426696777344,52.35133361816406,54.88447570800781,54.88447570800781,2925315824.0,54.88447570800781,0.9101638219549705,35.004371058680235,17.94588659008493,88.69554513399719,67.25632083840566,71.96762877403329
2019-10-18,54.934757232666016,55.03578186035156,52.79499816894531,53.49169158935547,53.49169158935547,2683486531.0,53.49169158935547,0.8870669133986254,17.072716735752312,20.609819984414802,88.53935287558967,67.25896409962276,72.01297316812489
2019-10-19,53.46513366699219,54.464229583740234,53.074405670166016,54.03457260131836,54.03457260131836,2453091268.0,54.03457260131836,0.8960696532506677,24.062137791485767,25.37974186197277,88.38342583244615,67.26174347759927,72.05884570923025
2019-10-20,54.0631217956543,55.44245910644531,53.21806335449219,54.93437957763672,54.93437957763672,2612273453.0,54.93437957763672,0.9109913910649213,35.646867571655896,25.593907366297994,88.23819021839913,67.26604917343349,72.1055629508136
2019-10-21,54.91608810424805,55.55565643310547,54.02457046508789,54.938297271728516,54.938297271728516,2727253951.0,54.938297271728516,0.9110563592254409,35.69730664204467,31.802104001728782,88.11582267219252,67.27159026681561,72.15225960587802
2019-10-22,54.928260803222656,55.288387298583984,53.643375396728516,53.744361877441406,53.744361877441406,2490194232.0,53.744361877441406,0.8912570118213968,20.325766654224704,30.556646955975094,87.98902642922323,67.27581071200436,72.19779284969313
2019-10-23,53.75372314453125,53.81858825683594,48.49518966674805,49.62795639038086,49.62795639038086,3077488277.0,49.62795639038086,0.8229935675142701,10.37934588883207,22.13413972836715,87.8512282449691,67.26782894395802,72.23953730308847
2019-10-24,49.683433532714844,50.469451904296875,49.01729202270508,50.067665100097656,50.067665100097656,2650862714.0,50.067665100097656,0.830285373705731,16.132611345016333,15.612574629357702,87.72422671708904,67.2611239185072,72.2817279926718
2019-10-25,50.114280700683594,57.32029342651367,49.609222412109375,56.93901062011719,56.93901062011719,3770902916.0,56.93901062011719,0.9442347194869762,91.47112715227081,39.32769479537307,87.6460348869282,67.27401271454275,72.33016141800032
2019-10-26,56.94597625732422,61.7293586730957,54.728668212890625,56.77525329589844,56.77525329589844,5234627157.0,56.77525329589844,0.9415190883333326,62.565799372661246,56.723179289982795,87.55674474747454,67.2868246418156,72.37839426123388
2019-10-27,56.8026237487793,61.87487030029297,55.91541290283203,59.91399002075195,59.91399002075195,4218140032.0,59.91399002075195,0.9935695921734613,85.34434166818014,79.79375606437073,87.49004030488229,67.30869310979973,72.42943763101482
2019-10-28,59.9197998046875,61.91228485107422,57.669795989990234,58.12683868408203,58.12683868408203,3793848576.0,58.12683868408203,0.9639327874119628,71.78639552759275,73.2321788561447,87.42665254353174,67.32565020208489,72.47889299044326
2019-10-29,58.051361083984375,60.655860900878906,58.051361083984375,59.869625091552734,59.869625091552734,3582210705.0,59.869625091552734,0.9928338767821812,84.77569301358378,80.63547673645222,87.38244076504733,67.35523438127073,72.52983300413715
2019-10-30,59.865325927734375,60.89046096801758,57.603004455566406,58.42097091674805,58.42097091674805,3387114095.0,58.42097091674805,0.9688104602618901,73.97861544274711,76.84690132797455,87.29577461617892,67.38039018813878,72.57950146165612
2019-10-31,58.36344528198242,60.081844329833984,57.6921272277832,58.78068542480469,58.78068542480469,3165801278.0,58.78068542480469,0.974775701384121,76.65963173662314,78.47131339765134,87.21447908161768,67.40597699309049,72.62953500094478
2019-11-01,58.746315002441406,58.75156021118164,57.71910858154297,58.58364486694336,58.58364486694336,3425154368.0,58.58364486694336,0.9715081255366753,75.1910533658629,75.27643351507771,87.13145432185605,67.4287488963506,72.67930241197212
2019-11-02,58.57908630371094,59.33478546142578,58.219505310058594,58.59702682495117,58.59702682495117,3353942166.0,58.59702682495117,0.971730042096659,75.29079148222839,75.71382552823815,87.01817834572714,67.44865664129388,72.72906727681966
2019-11-03,58.59210205078125,58.96686553955078,57.6411247253418,58.62519073486328,58.62519073486328,3259935586.0,58.62519073486328,0.9721970916868413,75.50070211880949,75.32751565563359,86.91195620343984,67.46962045120867,72.77907993499547
2019-11-04,58.59573745727539,62.17682647705078,58.383060455322266,61.573055267333984,61.573055267333984,4164854559.0,61.573055267333984,1.021082311320771,95.58699578063542,82.12616312722443,86.83320586407771,67.49143019375735,72.83176867036515
2019-11-05,61.57742691040039,63.9970588684082,61.31672668457031,63.302764892578125,63.302764892578125,4725921529.0,63.302764892578125,1.0497665449419518,95.52122413885596,88.86964067943363,86.76938076748874,67.51816023735151,72.88604819088766
2019-11-06,63.34542465209961,64.26874542236328,62.95673751831055,64.26874542236328,64.26874542236328,3755244863.0,64.26874542236328,1.0657856563497166,100.0,97.03607330649713,86.7124176233844,67.54096474843483,72.941189282561
2019-11-07,64.23900604248047,64.41033935546875,61.0816535949707,61.843223571777344,61.843223571777344,3557191963.0,61.843223571777344,1.025562583991161,82.65593202516273,92.72571872133956,86.64259761539313,67.56193549796326,72.99416129491101
2019-11-08,61.87755584716797,62.44664764404297,59.50968933105469,60.5299186706543,60.5299186706543,3414910991.0,60.5299186706543,1.0037837003855743,59.91992882562278,80.85862028359517,86.56802263937361,67.58428211996001,73.04593038950881
2019-11-09,60.48675537109375,62.15303421020508,60.37997055053711,61.9547119140625,61.9547119140625,2849228741.0,61.9547119140625,1.027411424750022,71.0930111626328,71.22295733780611,86.48489730084529,67.61184023504387,73.09898071093102
2019-11-10,61.89714431762695,64.59861755371094,61.80536651611328,63.84146499633789,63.84146499633789,3611586094.0,63.84146499633789,1.0586999516840332,89.17675196225662,73.39656398350407,86.34620443458766,67.64318178777825,73.1537909620973
2019-11-11,63.77915573120117,64.33972930908203,61.3675422668457,61.89910888671875,61.89910888671875,3033016472.0,61.89910888671875,1.026489344995654,61.411406990072294,73.8937233716539,86.22234429948317,67.67204263765518,73.20683488802278
2019-11-12,61.93345260620117,62.47447204589844,60.68977737426758,61.34029769897461,61.34029769897461,3333604208.0,61.34029769897461,1.0172224308122286,53.42338392612732,68.00384762615208,86.07634464117999,67.70133605329957,73.25941609138768
2019-11-13,61.37042236328125,62.057071685791016,60.87253189086914,61.11134719848633,61.11134719848633,3094050321.0,61.11134719848633,1.0134256839202378,49.877485449855115,54.90409212201825,85.90962846683023,67.73260932817851,73.31168398835344
2019-11-14,61.077152252197266,61.21624755859375,59.416015625,59.429893493652344,59.429893493652344,3040274519.0,59.429893493652344,0.9855416910298994,25.709962086009657,43.0036104873307,85.67840073799175,67.7759493057042,73.36241798248466
2019-11-15,59.480594635009766,60.47163009643555,57.536869049072266,57.811710357666016,57.811710357666016,3195878562.0,57.811710357666016,0.9587069307689481,3.891972482639592,26.493140006168122,85.47198611400167,67.81393125351161,73.41165827507298
2019-11-16,57.788299560546875,59.1802978515625,57.471153259277344,58.56543731689453,58.56543731689453,2841793395.0,58.56543731689453,0.9712061849036074,15.353062637883733,14.984999068844326,85.30570308497694,67.85805875177253,73.4614719345145
2019-11-17,58.6047477722168,60.66939163208008,58.34485626220703,59.57322692871094,59.57322692871094,3215100478.0,59.57322692871094,0.9879186274109794,29.492587862913194,16.245874327812174,85.15746832675622,67.90639936891321,73.51227562111806
2019-11-18,59.570045471191406,60.077110290527344,55.85797119140625,56.80094909667969,56.80094909667969,3131873188.0,56.80094909667969,0.9419452086149891,10.788423031735585,18.54469117751084,84.94697516602896,67.94605155840311,73.56053099022608
2019-11-19,56.80416488647461,57.59451675415039,54.94187545776367,55.623985290527344,55.623985290527344,3030389859.0,55.623985290527344,0.9224273055596813,7.063560629313474,15.78152384132075,84.75096593137647,67.99805945827536,73.60771837408684
2019-11-20,55.63376998901367,56.65969467163086,55.092674255371094,55.290924072265625,55.290924072265625,2858714058.0,55.290924072265625,0.9169040630134502,3.6145587304070346,7.155514130485366,84.5530597707613,68.05900938478234,73.65463068822747
2019-11-21,55.2841911315918,55.43587875366211,50.154815673828125,50.883052825927734,50.883052825927734,3158748317.0,50.883052825927734,0.843807164692037,5.041866110846418,5.2399951568556435,84.34908426003378,68.10342706131608,73.69749659947608
2019-11-22,50.87967300415039,51.38973617553711,44.89057540893555,47.615535736083984,47.615535736083984,3734545939.0,47.615535736083984,0.7896210618928176,13.826641465097666,7.494355435450374,84.12197367350261,68.14567483353288,73.73737625770917
2019-11-23,47.62232971191406,48.70744323730469,46.77606201171875,48.70648956298828,48.70648956298828,2746902870.0,48.70648956298828,0.8077126386431216,19.36221835746548,12.743575311136523,83.84221115529212,68.19100850771551,73.77827230305432
2019-11-24,48.71485900878906,48.7819938659668,44.73422622680664,44.73422622680664,44.73422622680664,2709705879.0,44.73422622680664,0.7418395418660819,0.0,11.062953274187715,83.52560956360864,68.23351954107414,73.81555681097997
2019-11-25,44.76981735229492,47.26742172241211,42.96390914916992,45.83033752441406,45.83033752441406,3408224795.0,45.83033752441406,0.7600166463213738,14.691674404354456,11.351297587273313,83.16720374685819,68.27444594396304,73.85383527442201
2019-11-26,45.81410598754883,47.5400390625,45.66331481933594,47.27334213256836,47.27334213256836,2659405400.0,47.27334213256836,0.7839463745790262,22.57055621420942,12.420743539521295,82.78054113335948,68.32338386953694,73.89345064620449
2019-11-27,47.1645622253418,48.517147064208984,45.441307067871094,48.00880432128906,48.00880432128906,2979663352.0,48.00880432128906,0.7961427391785652,27.639719683886753,21.633983434150213,82.41484520083569,68.36979484035544,73.93374824828753
2019-11-28,48.00212478637695,48.55413055419922,47.0204963684082,47.056949615478516,47.056949615478516,2662459127.0,47.056949615478516,0.7803578800574649,23.11736192594195,24.442545941346044,82.04312782079144,68.40385059722482,73.97317510630987
2019-11-29,47.091339111328125,49.32228088378906,47.091339111328125,48.87915802001953,48.87915802001953,2944492393.0,48.87915802001953,0.8105760454763894,33.409136839728475,28.0554061498524,81.7157156897373,68.44517035288354,74.01427520486318
2019-11-30,48.912784576416016,49.28376388549805,47.089988708496094,47.47542953491211,47.47542953491211,2678481167.0,47.47542953491211,0.787297643587492,25.48092315528163,27.33580730698402,81.34925925666518,68.48739135951212,74.05407578890727
2019-12-01,47.463897705078125,48.301143646240234,46.24003601074219,47.7111701965332,47.7111701965332,2781413686.0,47.7111701965332,0.7912069935230319,27.740345059642813,28.87680168488431,80.99457018492652,68.52402268501177,74.09407769773648
2019-12-02,47.65147018432617,47.81046676635742,45.323387145996094,45.8170166015625,45.8170166015625,2680452035.0,45.8170166015625,0.7597957419235792,19.500949854067166,24.24073935633054,80.61814494732299,68.55718396330533,74.13231566725256
2019-12-03,45.77547073364258,46.622554779052734,44.76341247558594,45.3816032409668,45.3816032409668,2557212174.0,45.3816032409668,0.752575166646184,17.652832601911612,21.63137583854053,80.278871880203,68.59638615960944,74.17017649210752
2019-12-04,45.39994812011719,46.5357666015625,44.58303451538086,45.19295120239258,45.19295120239258,2951880019.0,45.19295120239258,0.7494466998396175,17.87241409263693,18.34206551620524,79.96797094709886,68.63476102646084,74.2078873059521
2019-12-05,45.142642974853516,46.74615478515625,44.362117767333984,45.301639556884766,45.301639556884766,2818768679.0,45.301639556884766,0.7512491076580486,27.744818406541167,21.090021700363238,79.64803843680626,68.67861418005538,74.24603621883479
2019-12-06,45.28791046142578,45.70335006713867,44.75363540649414,45.67012023925781,45.67012023925781,2585078804.0,45.67012023925781,0.7573597205747044,42.561385257698994,29.3928725856257,79.29045863750854,68.72991954855723,74.28451540633424
2019-12-07,45.67373275756836,46.20798873901367,45.39917755126953,45.6404914855957,45.6404914855957,2380335463.0,45.6404914855957,0.7568683790919809,42.09540505240852,37.46720290554956,78.89846999788544,68.78572203231184,74.32289398293517
2019-12-08,45.68227005004883,46.5076789855957,45.44730758666992,45.952945709228516,45.952945709228516,2266427857.0,45.952945709228516,0.7620498903790811,47.00946539165555,43.88875190058769,78.50175367678449,68.84349991785336,74.36148927592795
2019-12-09,45.8999137878418,46.065433502197266,44.714351654052734,44.93924331665039,44.93924331665039,2473452708.0,44.93924331665039,0.7452393946596296,11.635213112282997,33.5800278521157,78.11818505375763,68.89553339709974,74.3991584662433
2019-12-10,45.012054443359375,45.103614807128906,44.1103630065918,44.64424133300781,44.64424133300781,2349745528.0,44.64424133300781,0.7403472984985059,10.243414017549933,22.962697507162833,77.65683423235117,68.95040036031645,74.43656848576515
2019-12-11,44.610557556152344,44.931793212890625,43.720062255859375,43.94569778442383,43.94569778442383,2507211954.0,43.94569778442383,0.7287631655031638,4.027610194281855,8.6354124413716,77.15364274822298,69.00558752295089,74.47337920524214
2019-12-12,43.92269515991211,44.283878326416016,43.50248336791992,44.08216857910156,44.08216857910156,2740797932.0,44.08216857910156,0.7310262968980947,9.960573535436296,8.077199249089366,76.65325160625854,69.059254204737,74.51029231820476
2019-12-13,44.01126480102539,44.50291061401367,43.710060119628906,44.45058059692383,44.45058059692383,2766557274.0,44.45058059692383,0.7371357711322877,16.399433068871048,10.129205599529739,76.17838176873212,69.11619042174456,74.54755286669622
2019-12-14,44.44956970214844,44.65840530395508,43.51634979248047,43.72218704223633,43.72218704223633,2721787991.0,43.72218704223633,0.7250566275662863,4.5784377633273445,10.312814789211567,75.69023378299234,69.17169139809805,74.58417627038477
2019-12-15,43.84593963623047,44.314151763916016,42.76106643676758,43.75682830810547,43.75682830810547,2668105124.0,43.75682830810547,0.7256310928687982,19.720398588772127,13.566089806990178,75.17454929039127,69.22641579092365,74.6208268259214
2019-12-16,43.78416061401367,43.866947174072266,40.048370361328125,40.37425994873047,40.37425994873047,3046141449.0,40.37425994873047,0.6695370643429228,4.865632674634238,9.721489675577908,74.64587173045007,69.26690085946697,74.65438488977685
2019-12-17,40.35862350463867,40.4158821105957,36.925113677978516,37.08342742919922,37.08342742919922,3283924746.0,37.08342742919922,0.6149643155874263,1.6119854248955245,8.732672229433968,74.11387901097699,69.28831055001037,74.68487432122775
2019-12-18,37.116275787353516,41.0999870300293,36.672943115234375,40.77854537963867,40.77854537963867,3845534650.0,40.77854537963867,0.6762414369038223,40.757629234213624,15.745082444581135,73.59814025795525,69.31745134118485,74.71875705675447
2019-12-19,40.793453216552734,41.12337112426758,39.066871643066406,39.92029571533203,39.92029571533203,3173676635.0,39.92029571533203,0.6620088550201454,33.01921518689803,25.12960994866906,73.06981840290007,69.34549931042815,74.75186908930948
2019-12-20,39.93990707397461,40.5880012512207,39.674110412597656,40.290157318115234,40.290157318115234,2778859161.0,40.290157318115234,0.6681423681063319,36.77998322031157,36.852275880474416,72.54965618529606,69.36597406570226,74.78532031965038
2019-12-21,40.30481719970703,40.33557891845703,39.7354621887207,39.996829986572266,39.996829986572266,2655178488.0,39.996829986572266,0.6632780431452747,33.79741881380868,34.532205740339435,72.00929045546901,69.39118012728757,74.81851062099683
2019-12-22,40.01009750366211,42.25456237792969,39.953338623046875,41.96519088745117,41.96519088745117,3141032976.0,41.96519088745117,0.6959198941863931,56.34552237138964,42.3076414685033,71.46318195947532,69.41887678381515,74.853445334195
2019-12-23,41.95431137084961,42.54795837402344,40.72304153442383,40.84747314453125,40.84747314453125,3163414128.0,40.84747314453125,0.6773844843161216,49.51598380127146,46.55297499548993,70.93840218632599,69.43911732712837,74.88649751954972
2019-12-24,40.862876892089844,41.68458557128906,40.22449493408203,40.678016662597656,40.678016662597656,2860933776.0,40.678016662597656,0.6745743425180609,48.4943242703953,51.45194348101881,70.4200702521319,69.45961417629294,74.91948973577317
2019-12-25,40.73456954956055,40.757301330566406,39.883541107177734,40.62956237792969,40.62956237792969,2773383486.0,40.62956237792969,0.6737708122601039,49.547780318638964,49.18602946343524,69.89624602937958,69.48562851474709,74.95262429507356
2019-12-26,40.60842514038086,41.368019104003906,39.81157302856445,40.26603698730469,40.26603698730469,2848923906.0,40.26603698730469,0.6677423742611844,44.99544030332373,47.67918163078601,69.39898343946113,69.51105354518107,74.98541932410845
2019-12-27,40.26174545288086,41.65152359008789,39.96437072753906,41.17817306518555,41.17817306518555,2949759036.0,41.17817306518555,0.682868568837658,56.417898469480136,50.320373030480944,68.99883810157985,69.54635125774227,75.01894331784008
2019-12-28,41.165157318115234,43.81186294555664,41.129058837890625,42.84252166748047,42.84252166748047,3260638656.0,42.84252166748047,0.7104689032744711,80.74087275853341,60.71807051044576,68.57639235616382,69.57465726251472,75.05389415945636
2019-12-29,42.7977409362793,44.449588775634766,42.43943786621094,43.670658111572266,43.670658111572266,3573796558.0,43.670658111572266,0.7242021096380479,89.98371922705817,75.71416348502392,68.0846321231029,69.60782344243297,75.08961578329948
2019-12-30,43.75393295288086,44.60399627685547,42.43143844604492,42.747337341308594,42.747337341308594,3330795171.0,42.747337341308594,0.7088904363404022,76.59000768609931,82.43819989056364,67.65019617966615,69.63733254001565,75.12464484014468
2019-12-31,42.76611328125,43.06095504760742,41.17047119140625,41.34007263183594,41.34007263183594,3015923778.0,41.34007263183594,0.6855533923046675,58.846277051654624,75.14000132160403,67.20624183696476,69.66711842785143,75.1584482944175
2020-01-01,41.326534271240234,42.28501892089844,41.28803253173828,42.01771926879883,42.01771926879883,2782992323.0,42.01771926879883,0.6967909862704798,53.29205717576837,62.909447304507445,66.78424195253133,69.69461921796407,75.1927004672621
2020-01-02,42.01808547973633,42.13474655151367,39.68356704711914,39.82301330566406,39.82301330566406,2759827139.0,39.82301330566406,0.6603955950108225,3.020412584923472,38.386248937448826,66.33210477151506,69.7121242366425,75.22482290855825
2020-01-03,39.863128662109375,42.447174072265625,39.450843811035156,42.41557312011719,42.41557312011719,3260961326.0,42.41557312011719,0.7033887022406915,57.5323421681467,37.948270642946184,65.90827226899361,69.74058690528346,75.25933375140848
2020-01-04,42.38352584838867,43.34270477294922,41.933074951171875,43.32660675048828,43.32660675048828,2843192897.0,43.32660675048828,0.7184966146376224,75.21149364704767,45.25474946670595,65.49829466355955,69.77051139727031,75.2944833008666
2020-01-05,43.2913818359375,44.73361587524414,42.99853515625,43.55320739746094,43.55320739746094,3017148033.0,43.55320739746094,0.7222543932853287,77.65550995886188,70.13311525801876,65.09244539438049,69.79411780997498,75.33033762740217
2020-01-06,43.6038932800293,45.95787811279297,43.4943733215332,45.81635284423828,45.81635284423828,3349237768.0,45.81635284423828,0.7597847346597717,97.82504191630808,83.56401517407255,64.68531684667035,69.81197396892391,75.36865278074187
2020-01-07,45.838680267333984,46.8583869934082,44.723018646240234,46.424583435058594,46.424583435058594,3611521907.0,46.424583435058594,0.7698711839157709,94.14375930494896,89.87477039337297,64.2653119238348,69.83558577446088,75.4074369848591
2020-01-08,46.4483528137207,48.20276641845703,44.62704849243164,45.65376663208008,45.65376663208008,3633957130.0,45.65376663208008,0.7570885243681336,70.8749734119526,87.61459154440321,63.862147722087926,69.8525009782347,75.44548190413
2020-01-09,45.62226867675781,45.777835845947266,44.31050491333008,45.2159309387207,45.2159309387207,2986327757.0,45.2159309387207,0.7498277789038541,65.87223615067839,76.96365628919331,63.51633171957047,69.86957055705868,75.48284626115947
2020-01-10,45.21154022216797,49.16672134399414,44.03310775756836,48.72732925415039,48.72732925415039,3808140302.0,48.72732925415039,0.8080582287705991,95.47758719319785,77.40826558527628,63.221703451187885,69.91028650362198,75.5231529455751
2020-01-11,48.63385772705078,51.334716796875,48.08839416503906,49.26376724243164,49.26376724243164,3915781115.0,49.26376724243164,0.8169541222515431,82.57344590512717,81.30775641633447,62.91549422050434,69.95668688212355,75.56462963705194
2020-01-12,49.319156646728516,51.298828125,49.012786865234375,51.08073806762695,51.08073806762695,3858852964.0,51.08073806762695,0.8470854315026062,97.86282864558824,91.97128724797109,62.64257587370325,70.00790965459119,75.6076597174553
2020-01-13,51.122310638427734,51.39035415649414,48.93413162231445,49.733768463134766,49.733768463134766,3336204744.0,49.733768463134766,0.8247482771895349,86.12517896104983,88.85381783725508,62.42379604402136,70.06106272658256,75.64952537806612
2020-01-14,49.69736099243164,59.88150405883789,49.690269470214844,58.478233337402344,58.478233337402344,5729547956.0,58.478233337402344,0.9697600581757773,93.13154492113654,92.37318417592486,62.246502381204905,70.1326243465894,75.69936802942459
2020-01-15,58.39026641845703,59.92303466796875,56.166744232177734,58.05284881591797,58.05284881591797,5070738793.0,58.05284881591797,0.9627057937980961,90.86474982027934,90.04049123415524,62.12930520896703,70.20535251147126,75.74879908779441
2020-01-16,58.0479621887207,58.302066802978516,55.148738861083984,57.618255615234375,57.618255615234375,4347723835.0,57.618255615234375,0.9554988194501184,88.74190325382891,90.9127326650816,61.95339009019195,70.27602330037992,75.79785453587363
2020-01-17,57.642967224121094,62.88954544067383,56.8988151550293,61.487125396728516,61.487125396728516,5067456613.0,61.487125396728516,1.0196573134786406,93.30793778156561,90.97153028522463,61.737005973774224,70.35711501134585,75.85040985590791
2020-01-18,61.302833557128906,62.165672302246094,58.52505874633789,59.40864562988281,59.40864562988281,4426051530.0,59.40864562988281,0.9851893320677816,82.50013568432557,88.18332557324004,61.52392394686006,70.43409352759792,75.90115912123902
2020-01-19,59.445709228515625,61.78595733642578,56.18039321899414,57.80069351196289,57.80069351196289,4197776579.0,57.80069351196289,0.9585242354937962,73.76227497517863,83.19011614702328,61.289993640503596,70.5032715261799,75.95041947147074
2020-01-20,57.78152847290039,58.08806610107422,56.22681427001953,57.20326232910156,57.20326232910156,3306438947.0,57.20326232910156,0.9486168756851496,69.84434065896274,75.36891710615565,61.05816673320499,70.57457797951895,75.99910737303294
2020-01-21,57.2335205078125,57.96322250366211,56.27197265625,57.64788055419922,57.64788055419922,3130143642.0,57.64788055419922,0.9559900976727048,72.20225275545599,71.93628946319912,60.85177597712949,70.64700266694369,76.04818807671603
2020-01-22,57.639591217041016,58.99089431762695,57.316280364990234,58.3547248840332,58.3547248840332,3076205980.0,58.3547248840332,0.9677118847257792,75.95080983560524,72.66580108334132,60.67544864175098,70.7200719807246,76.09797052858083
2020-01-23,58.35038757324219,58.47669982910156,53.385658264160156,54.6302604675293,54.6302604675293,3348002983.0,54.6302604675293,0.9059481031767848,56.19912354630756,68.11739537912293,60.4586212700182,70.78206733285565,76.1443582001342
2020-01-24,54.64381408691406,55.424434661865234,51.36441421508789,54.53178787231445,54.53178787231445,3532776556.0,54.53178787231445,0.9043151060047723,43.53305757966491,58.560996987192574,60.245973555768124,70.84167193582613,76.19070129416305
2020-01-25,54.564056396484375,54.564056396484375,52.76921463012695,53.69778823852539,53.69778823852539,2938756558.0,53.69778823852539,0.8904846688108947,34.13482880703972,44.6223366443374,60.02407613868922,70.89842803641541,76.23634810534786
2020-01-26,53.68706512451172,56.47526550292969,53.29893493652344,56.21271514892578,56.21271514892578,3283750798.0,56.21271514892578,0.9321903689962289,52.1559849198869,43.27462376886385,59.845517080338276,70.96161212137301,76.28418225610638
2020-01-27,56.27534103393555,59.57749938964844,56.078887939453125,58.763267517089844,58.763267517089844,3832184228.0,58.763267517089844,0.974486855599376,68.7386040505637,51.67647259249677,59.67608502914345,71.03331193793309,76.33432598897856
2020-01-28,58.76856231689453,61.15335464477539,57.76319885253906,60.671817779541016,60.671817779541016,4220742210.0,60.671817779541016,1.006136850955208,80.75746281995099,67.21735059680053,59.51349156280684,71.1140586748515,76.38621536585838
2020-01-29,60.66376876831055,62.24987030029297,59.78307342529297,60.07793426513672,60.07793426513672,3894445882.0,60.07793426513672,0.9962883230738093,75.60451919805219,75.0335286895223,59.346884930720094,71.19345819133602,76.43756315980328
2020-01-30,60.013916015625,69.73802947998047,58.77690887451172,68.15906524658203,68.15906524658203,6042169957.0,68.15906524658203,1.1302998621276086,91.40634975406584,82.589443924023,59.181035151247116,71.2927132906979,76.49613650726945
2020-01-31,68.17903900146484,69.37981414794922,65.78914642333984,67.8794937133789,67.8794937133789,5718104791.0,67.8794937133789,1.1256636532199438,89.88475735555015,85.6318754358894,59.00999563248431,71.39196621620492,76.55440212711352
2020-02-01,67.90851593017578,72.2823257446289,67.65506744384766,70.82001495361328,70.82001495361328,6009767449.0,70.82001495361328,1.1744270970904844,93.00928876694742,91.43346529218782,58.8781853764435,71.4960564495766,76.61535617749985
2020-02-02,70.8023452758789,73.25373077392578,68.12895202636719,70.2315444946289,70.2315444946289,5482993030.0,70.2315444946289,1.1646683353432412,86.19332736509465,89.69579116253074,58.74512890258122,71.59423923231151,76.67576373418173
2020-02-03,69.99258422851562,72.38532257080078,68.96752166748047,69.78022003173828,69.78022003173828,4965069690.0,69.78022003173828,1.1571839020351469,84.13147924079402,87.77803179094536,58.61713130096269,71.6938035207252,76.73576159716741
2020-02-04,69.76948547363281,70.33206939697266,66.90425872802734,68.1957778930664,68.1957778930664,4449652117.0,68.1957778930664,1.1309086776844168,76.89305252055844,82.40595304214905,58.460634742278216,71.78719297435185,76.79433491023164
2020-02-05,68.11460876464844,73.18159484863281,67.87781524658203,72.49310302734375,72.49310302734375,5169585841.0,72.49310302734375,1.2021723605007646,96.52511879693692,85.8498835194298,58.34819422654115,71.89195039304968,76.85684649280218
2020-02-06,72.53237915039062,74.65676879882812,71.10643768310547,73.38868713378906,73.38868713378906,5463272394.0,73.38868713378906,1.2170240693435526,94.55580301905468,89.32465811218334,58.25243515264793,72.00278792707887,76.92017496492221
2020-02-07,73.4679183959961,74.95879364013672,73.2222671508789,74.35611724853516,74.35611724853516,5051951258.0,74.35611724853516,1.2330672196033112,97.28396653523849,96.12162945041003,58.166776730063184,72.11548298874946,76.98439025922453
2020-02-08,74.39537811279297,77.4217300415039,72.1395034790039,76.46756744384766,76.46756744384766,5496860399.0,76.46756744384766,1.2680819583767526,96.04456036912882,95.96144330780733,58.12321493013309,72.2059017442677,77.0505495263017
2020-02-09,76.4490966796875,78.20138549804688,75.69126892089844,77.09258270263672,77.09258270263672,5145711108.0,77.09258270263672,1.2784467522347842,94.98789504904057,96.1054739844693,58.07771276255123,72.2944011949513,77.11748467950517
2020-02-10,77.14305114746094,77.56034088134766,73.12471008300781,74.33509826660156,74.33509826660156,5373709984.0,74.33509826660156,1.232718656249403,81.08302219514617,90.70515920443852,57.993463735111426,72.36976473037511,77.18192110714847
2020-02-11,74.34607696533203,76.63123321533203,72.84619903564453,76.59739685058594,76.59739685058594,4742120918.0,76.59739685058594,1.2702349538734707,91.74243569828025,89.27111764748899,57.943453721009966,72.46131228094231,77.24840904936943
2020-02-12,76.49352264404297,82.27188873291016,76.45463562011719,81.29744720458984,81.29744720458984,5701884854.0,81.29744720458984,1.3481771358547565,95.85255431503597,89.5593374028208,57.926466311261954,72.56369256842626,77.3192155126023
2020-02-13,81.22972106933594,83.68916320800781,78.58231353759766,80.40342712402344,80.40342712402344,6579062946.0,80.40342712402344,1.3333513636680672,81.64394970400961,89.74631323910863,57.95017363334614,72.66891389611649,77.38924796657476
2020-02-14,80.3755111694336,83.46430969238281,79.42839050292969,82.99034881591797,82.99034881591797,5382846670.0,82.99034881591797,1.3762509724157082,95.83664957448327,91.11105119784297,57.98624670310099,72.78220101970516,77.46159458639414
2020-02-15,83.02545166015625,83.38416290283203,76.1030044555664,76.51324462890625,76.51324462890625,5612667760.0,76.51324462890625,1.268839435255101,57.24778423576758,78.24279450475349,57.994952134095904,72.87484095325209,77.52799090119802
2020-02-16,76.72930908203125,80.41192626953125,69.57598876953125,75.152587890625,75.152587890625,6186098306.0,75.152587890625,1.2462753035710998,49.14135300820761,67.40859560615283,58.00782025446657,72.96130075324072,77.59316512765406
2020-02-17,74.96808624267578,75.38346862792969,69.44019317626953,73.25130462646484,73.25130462646484,5593944695.0,73.25130462646484,1.2147458187759204,37.814012620731255,48.06771662156882,57.991324919820485,73.04163756697145,77.65656325065926
2020-02-18,73.18562316894531,78.01386260986328,70.89256286621094,77.0351791381836,77.0351791381836,5600214717.0,77.0351791381836,1.2774948136958346,57.91640228235039,48.29058930376309,57.9900789521431,73.12106771599757,77.72345288463923
2020-02-19,77.07551574707031,78.19882202148438,70.54457092285156,71.13594055175781,71.13594055175781,5298677185.0,71.13594055175781,1.1796661751020958,11.900841757061448,35.877085553381036,57.96788975449859,73.18482460126485,77.78498136006534
2020-02-20,70.98194885253906,72.16673278808594,67.45927429199219,69.62484741210938,69.62484741210938,5500324693.0,69.62484741210938,1.1546073166622457,13.343117327070575,27.72012045549414,57.94963782472037,73.23369825180262,77.84512491030236
2020-02-21,69.57044219970703,74.93936157226562,68.91468811035156,73.45092010498047,73.45092010498047,5579449656.0,73.45092010498047,1.2180560952157233,36.91735565161963,20.720438245250556,57.94883085990864,73.30027173186002,77.90874832601853
2020-02-22,73.4858627319336,76.48518371582031,72.57438659667969,75.1330795288086,75.1330795288086,5547090434.0,75.1330795288086,1.2459517912313745,47.28193320684967,32.51413539517996,57.94735688589961,73.3696617230977,77.97388792386339
2020-02-23,75.07401275634766,79.80030822753906,74.97501373291016,79.53665161132812,79.53665161132812,5702486428.0,79.53665161132812,1.3189773953785853,74.41441763300057,52.871235497156626,57.98054287602993,73.44597877606954,78.04301459190508
2020-02-24,79.55951690673828,79.55951690673828,72.37696838378906,75.5356216430664,75.5356216430664,6355612214.0,75.5356216430664,1.2526272539097447,49.76218502089989,57.152845286916715,57.99817936798262,73.53051858144264,78.10848390849213
2020-02-25,75.49539947509766,75.80707550048828,70.06889343261719,71.18024444580078,71.18024444580078,5755711246.0,71.18024444580078,1.1804008783311868,22.926652012613268,49.03441822217125,57.98355131722539,73.59892180978436,78.16999453366076
2020-02-26,71.18038177490234,71.86497497558594,58.579490661621094,61.01430892944336,61.01430892944336,6518313483.0,61.01430892944336,1.0118164725596719,9.696734448943007,27.461857160818727,57.91895066975244,73.64145106485445,78.22222064227275
2020-02-27,61.02792739868164,64.6236572265625,57.80403137207031,61.50788497924805,61.50788497924805,5649302854.0,61.50788497924805,1.020001575143245,14.434191090771565,15.685859184109285,57.88661373117582,73.68508520256984,78.27491940472224
2020-02-28,61.43793487548828,63.17148971557617,57.84066390991211,59.76395797729492,59.76395797729492,5266399749.0,59.76395797729492,0.9910815709921158,7.661909802409242,10.597611780707942,57.86293015193418,73.7221446625174,78.32605453539112
2020-02-29,59.74873733520508,61.37752914428711,58.38515853881836,58.54326248168945,58.54326248168945,4168117352.0,58.54326248168945,0.970838453728241,3.2697918712553937,8.455297588145404,57.831292366069526,73.75243513551477,78.37604938707395
2020-03-01,58.53054428100586,60.11835479736328,56.64622497558594,57.956687927246094,57.956687927246094,4317287191.0,57.956687927246094,0.9611111322689998,5.659748811474167,5.530483495046273,57.79512098969006,73.77693190901246,78.42539409741964
2020-03-02,57.9840087890625,61.94123840332031,57.554786682128906,60.995548248291016,60.995548248291016,5309970238.0,60.995548248291016,1.011505359206764,18.78426031977836,9.237933667502647,57.76698342828803,73.81149417406893,78.47751713691781
2020-03-03,61.020572662353516,62.35498046875,60.006019592285156,61.14447784423828,61.14447784423828,5412760345.0,61.14447784423828,1.0139750982085671,19.42747125724747,14.62382679616667,57.735286837718526,73.85180224065911,78.52980981069068
2020-03-04,61.14349365234375,61.565731048583984,59.36227798461914,60.38241958618164,60.38241958618164,4429853608.0,60.38241958618164,1.001337683935081,16.136223446810586,18.11598500794548,57.68748991085532,73.87166514984548,78.58139050431447
2020-03-05,60.40277862548828,63.1437873840332,60.40277862548828,62.04545974731445,62.04545974731445,4712202709.0,62.04545974731445,1.028916320144963,23.318715377224326,19.62747002709413,57.65885510470698,73.88881907005833,78.63447183735295
2020-03-06,62.049888610839844,63.77326583862305,61.45963668823242,63.02560043334961,63.02560043334961,4766934524.0,63.02560043334961,1.045170253180624,27.551837783193385,22.33559220240944,57.645904457634266,73.90480966437353,78.68853952721373
2020-03-07,63.02201461791992,63.75777053833008,60.49959945678711,60.54631042480469,60.54631042480469,4258036532.0,60.54631042480469,1.0040555291935132,16.844050385323566,22.571534515247095,57.62032034618607,73.91699257419533,78.74038455954425
2020-03-08,60.57911682128906,60.60502243041992,51.728599548339844,51.728599548339844,51.728599548339844,4523736331.0,51.728599548339844,0.8578290903200851,0.0,14.798629389505654,57.52572957023246,73.89957259713788,78.78411988341101
2020-03-09,51.638126373291016,52.30763626098633,47.284202575683594,50.168148040771484,50.168148040771484,5097423294.0,50.168148040771484,0.8319517089698505,10.110992229607737,8.985014204977105,57.4143567736683,73.88035693233961,78.82650890437435
2020-03-10,50.479827880859375,51.2523193359375,49.39545440673828,50.25638961791992,50.25638961791992,3945792927.0,50.25638961791992,0.8334150424548971,12.091511991088352,7.4008347402320345,57.305417712268934,73.86620946387723,78.86893665736125
2020-03-11,50.26376724243164,50.61192321777344,46.238441467285156,48.463783264160156,48.463783264160156,3807551814.0,48.463783264160156,0.8036877756977382,12.103974334661114,11.435492851785739,57.18323404280866,73.84283063705654,78.90968662375184
2020-03-12,48.4492301940918,48.558250427246094,30.627010345458984,30.930883407592773,30.930883407592773,5417383296.0,30.930883407592773,0.5129350457581348,0.9167643753800742,8.37075023370985,56.97016705580748,73.77433117905709,78.93412529366202
2020-03-13,31.004512786865234,39.24781799316406,25.573104858398438,37.43795394897461,37.43795394897461,7552238198.0,37.43795394897461,0.6208435229235745,31.059683483319205,14.693474064453468,56.79646694204195,73.72187575771385,78.96461183600229
2020-03-14,37.536197662353516,37.59846496582031,34.044044494628906,34.39658737182617,34.39658737182617,3270465986.0,34.39658737182617,0.5704077340759158,23.098024424544857,18.35815742774805,56.6074394580445,73.65449857842432,78.99222436321381
2020-03-15,34.40990447998047,38.2310676574707,34.204185485839844,36.43709182739258,36.43709182739258,3434485463.0,36.43709182739258,0.6042459608246775,28.439636614668167,27.532448174177414,56.420962901714724,73.58488854708737,79.02163074833074
2020-03-16,36.4459114074707,36.4459114074707,30.60800552368164,32.876216888427734,32.876216888427734,4079630236.0,32.876216888427734,0.5451950269833062,19.1180137534236,23.551891597545545,56.216378415217164,73.50716920094948,79.0479514030561
2020-03-17,32.9030876159668,35.42147445678711,32.78666687011719,33.56386947631836,33.56386947631836,3289527849.0,33.56386947631836,0.5565985522880117,20.918143832054966,22.82526473338225,56.00321315285938,73.4340159533775,79.07497994148568
2020-03-18,33.5556640625,34.1390495300293,32.78159713745117,33.68417739868164,33.68417739868164,3170415992.0,33.68417739868164,0.5585936504832132,21.233084709988862,20.423080765155813,55.7816992066597,73.36023132637756,79.10212858757473
2020-03-19,33.721717834472656,40.22984313964844,33.71287536621094,39.07376480102539,39.07376480102539,4157185543.0,39.07376480102539,0.6479706082767962,35.34189279887053,25.831040446971457,55.56915621939904,73.30057987056367,79.1341290029761
2020-03-20,39.10809326171875,43.326026916503906,35.58586883544922,38.131954193115234,38.131954193115234,4537692970.0,38.131954193115234,0.6323523130959574,32.88977161666558,29.82158304184166,55.356436713797144,73.24237063159681,79.16529131719511
2020-03-21,38.07786560058594,39.336177825927734,36.94729232788086,38.34232711791992,38.34232711791992,3438721430.0,38.34232711791992,0.6358409831216081,36.45025206875836,34.89397216143149,55.15530684215775,73.18351672969452,79.19671217295677
2020-03-22,38.37173843383789,39.477176666259766,35.49897384643555,35.628055572509766,35.628055572509766,3148219029.0,35.628055572509766,0.5908294979661858,37.61034956138417,35.650124415602704,54.94826602414658,73.11304944704656,79.22561447936106
2020-03-23,35.577430725097656,38.845855712890625,35.416385650634766,38.76576614379883,38.76576614379883,3598154774.0,38.76576614379883,0.6428629848295083,51.37486310938236,41.81182157984164,54.76329141627244,73.05426010236349,79.25728736163275
2020-03-24,38.74799346923828,40.75464630126953,38.268035888671875,40.49064636230469,40.49064636230469,3331925793.0,40.49064636230469,0.6714671311174678,59.57765773847249,49.52095680307968,54.61924090150927,73.00218861723599,79.29054765962574
2020-03-25,40.47945785522461,40.696136474609375,38.545745849609375,39.151222229003906,39.151222229003906,3133347522.0,39.151222229003906,0.6492551053550373,59.07344519500556,56.67532201428681,54.52813479939445,72.94686722951393,79.32259376212342
2020-03-26,39.17296600341797,40.17046356201172,38.78725814819336,40.16059875488281,40.16059875488281,2827963692.0,40.16059875488281,0.6659938640793286,82.16953721049065,66.9402133813229,54.432520538079935,72.88634440278354,79.35554839095025
2020-03-27,40.18333435058594,40.595191955566406,38.88597106933594,38.91847610473633,38.91847610473633,2962853270.0,38.91847610473633,0.6453954146269053,65.34405254063269,68.86234498204296,54.34168915670426,72.82537999087818,79.38729523654398
2020-03-28,38.862178802490234,39.32988739013672,37.10237503051758,38.873756408691406,38.873756408691406,3119837445.0,38.873756408691406,0.6446538160429003,64.99242790765197,70.83533921959177,54.246131282035115,72.76393380883621,79.41897364403015
2020-03-29,38.86528015136719,38.934749603271484,37.21059799194336,37.332542419433594,37.332542419433594,2683734233.0,37.332542419433594,0.6190954555626764,52.874080708396306,61.07018705222699,54.14585967142074,72.7001271757361,79.44669228558126
2020-03-30,37.264854431152344,39.324710845947266,37.26072692871094,39.13829040527344,39.13829040527344,3318334905.0,39.13829040527344,0.649040653491199,60.284846132223215,59.3837849160905,54.06290199196404,72.64090222397896,79.47634637736839
2020-03-31,39.119136810302734,39.37229919433594,38.681514739990234,39.299102783203125,39.299102783203125,3359087002.0,39.299102783203125,0.6517074478192132,61.80993929799262,58.32295537953738,53.97132928775308,72.58232991989345,79.50594964920114
2020-04-01,39.28468704223633,39.38081359863281,37.4459342956543,39.38081359863281,39.38081359863281,3303999600.0,39.38081359863281,0.6530624799500147,58.96025047320865,60.35167863447484,53.88019671205615,72.48147390182704,79.53484125964718
2020-04-02,39.36347961425781,41.6456413269043,39.2540283203125,39.874168395996094,39.874168395996094,3985953572.0,39.874168395996094,0.6612439134456519,56.35884859402015,59.04301278840715,53.78929639514027,72.3580553603499,79.56388563304186
2020-04-03,39.887630462646484,41.08440017700195,39.684814453125,40.359134674072266,40.359134674072266,3482692346.0,40.359134674072266,0.6692862379004099,79.34734549854804,64.88881485525896,53.700839131256274,72.23580393856518,79.59317309845528
2020-04-04,40.34457778930664,40.83372497558594,39.96440887451172,40.67555618286133,40.67555618286133,3229457622.0,40.67555618286133,0.6745335397298086,84.42694931051672,73.37771446769499,53.61243664892645,72.10429076625876,79.6201882183824
2020-04-05,40.69003677368164,40.99985122680664,39.92832565307617,40.67013931274414,40.67013931274414,3084146015.0,40.67013931274414,0.6744437103355164,84.33999076524744,82.70476185810406,53.524055595606406,71.96209000365374,79.64796761464855
2020-04-06,40.65878677368164,44.494197845458984,40.54490280151367,44.39112091064453,44.39112091064453,4287968687.0,44.39112091064453,0.736149735379589,98.60552752149174,89.12415586575197,53.46383457496518,71.83079890943553,79.67994894872517
2020-04-07,44.402137756347656,47.20174026489258,44.11486053466797,44.667930603027344,44.667930603027344,4391267713.0,44.667930603027344,0.7407401439481921,74.91119884207218,85.95223904293714,53.392138569732836,71.70799038508167,79.71168567971007
2020-04-08,44.67862319946289,46.75380325317383,44.350833892822266,46.31985855102539,46.31985855102539,3831132142.0,46.31985855102539,0.7681345033795015,91.26794908985423,88.26155848447273,53.331599073983284,71.59712160188857,79.74603271919842
2020-04-09,46.3480339050293,46.58343505859375,45.174339294433594,46.384979248046875,46.384979248046875,3628019378.0,46.384979248046875,0.769214417175249,91.9127489907414,86.03063230755595,53.2603100740193,71.48207294516368,79.78025001543297
2020-04-10,46.40034103393555,46.468353271484375,41.33182144165039,42.269813537597656,42.269813537597656,4008964133.0,42.269813537597656,0.7009715324125906,51.16597317910412,78.1155570865666,53.17557635072802,71.3795847801313,79.81076689506774
2020-04-11,42.25674057006836,42.96684265136719,41.68824768066406,42.31909942626953,42.31909942626953,3374908252.0,42.31909942626953,0.7017888533803756,51.130304171098814,64.73634211364812,53.09919454230637,71.27918790529851,79.83956461170493
2020-04-12,42.32083511352539,43.28693389892578,42.007198333740234,42.450286865234375,42.450286865234375,3639638078.0,42.450286865234375,0.7039643694858032,52.2035305760565,51.49993597541982,53.02524601045202,71.1811851135672,79.86906304729584
2020-04-13,42.49925231933594,42.49925231933594,39.95906066894531,41.204341888427734,41.204341888427734,3998289644.0,41.204341888427734,0.6833025333762807,38.52482926192195,47.28622133635909,52.94049379734394,71.06684763137608,79.89720399847857
2020-04-14,41.22285842895508,41.82363510131836,40.67782211303711,41.05384063720703,41.05384063720703,3713345006.0,41.05384063720703,0.6808067311981056,36.982145328936205,42.57016838897156,52.85349072524107,70.96273568035805,79.92483800861933
2020-04-15,41.08009338378906,41.708030700683594,39.449886322021484,39.58906936645508,39.58906936645508,3696959521.0,39.58906936645508,0.6565160405997272,4.215566045659953,26.574180212172706,52.76958287348513,70.84832414078386,79.95120711304826
2020-04-16,39.643714904785156,43.014286041259766,38.601558685302734,42.68901824951172,42.68901824951172,4985504369.0,42.68901824951172,0.7079233153686144,47.52759609063884,29.57510248841167,52.71365889043756,70.74794482400972,79.98067507460782
2020-04-17,42.675052642822266,43.21479415893555,42.00095748901367,42.74503707885742,42.74503707885742,4096625538.0,42.74503707885742,0.7088522904778963,48.17896407429454,33.30737540353112,52.64732316022362,70.6401918437383,80.01028688944638
2020-04-18,42.7515983581543,44.38176727294922,42.53352355957031,44.36289596557617,44.36289596557617,4508378329.0,44.36289596557617,0.7356816736272175,66.99087951754856,54.232479894160655,52.597439031131934,70.53551697926979,80.0419807852131
2020-04-19,44.34800338745117,44.5068473815918,42.596107482910156,42.63475036621094,42.63475036621094,4563334114.0,42.63475036621094,0.7070233766621354,46.89658751484818,54.02214370223044,52.53514492055758,70.42900260507244,80.0714783655454
2020-04-20,42.674625396728516,43.37587356567383,40.462974548339844,40.82838439941406,40.82838439941406,4293209435.0,40.82838439941406,0.6770679305914471,25.89277555948451,46.593414197293754,52.45806297969297,70.32899390965292,80.09851086237659
2020-04-21,40.80962371826172,41.26190948486328,40.416969299316406,41.04014205932617,41.04014205932617,3954491838.0,41.04014205932617,0.6805795640467655,29.91303013202237,34.234131068785025,52.38211677634651,70.23061601299129,80.12405930262177
2020-04-22,40.99327087402344,42.32014465332031,40.68876647949219,41.887413024902344,41.887413024902344,4029531589.0,41.887413024902344,0.6946300832566588,41.1664398936915,32.3240818617328,52.31732470611406,70.14032118810367,80.14958287591804
2020-04-23,41.87773513793945,43.367366790771484,41.433204650878906,42.93721389770508,42.93721389770508,4757478698.0,42.93721389770508,0.7120392096508896,55.11336497864209,42.06427833478532,52.28076327172785,70.05711096672162,80.17512782022833
2020-04-24,42.99470901489258,45.17228698730469,42.94403839111328,44.81045150756836,44.81045150756836,4786600723.0,44.81045150756836,0.7431036059201283,94.4932210996141,63.59100865731591,52.25203532859927,69.98467901046962,80.20215763893302
2020-04-25,44.81520462036133,45.64776611328125,44.37021255493164,44.714908599853516,44.714908599853516,4769855704.0,44.714908599853516,0.7415191925331976,86.76085648963982,78.789147522632,52.18523695690384,69.90686958522012,80.22943326349127
2020-04-26,44.71991729736328,45.33999252319336,44.31262969970703,44.6890869140625,44.6890869140625,4687873111.0,44.6890869140625,0.741090984667026,86.39439430335099,89.21615729753499,52.119192331866486,69.83171392466924,80.25689179059033
2020-04-27,44.677433013916016,45.41984176635742,43.885459899902344,44.71006393432617,44.71006393432617,4473729902.0,44.71006393432617,0.7414388521594293,86.69210084233788,86.61578387844291,52.03611076855269,69.76317492445854,80.28462563867438
2020-04-28,44.7381706237793,46.30730056762695,44.0748176574707,46.02870178222656,46.02870178222656,4413476561.0,46.02870178222656,0.7633061734362979,96.38453000820788,89.82367505129893,51.970000730837626,69.70308813330246,80.31228463595316
2020-04-29,46.091522216796875,49.622127532958984,46.00732421875,49.18130111694336,49.18130111694336,5673988960.0,49.18130111694336,0.8155865646136502,95.99996677023277,93.02553254025952,51.911594588899874,69.6343221742813,80.3428560526948
2020-04-30,49.14785385131836,50.92155838012695,46.58384323120117,46.714019775390625,46.714019775390625,5724477325.0,46.714019775390625,0.7746709835372662,59.94570970488957,84.11006882777674,51.84762217829136,69.56050368531109,80.37098054581037
2020-05-01,46.714263916015625,48.596473693847656,46.714263916015625,47.79170227050781,47.79170227050781,4581731065.0,47.79170227050781,0.7925424782715543,70.20486869556217,75.38351505689484,51.787573090016515,69.48931060686503,80.40010995385853
2020-05-02,47.77035903930664,49.567081451416016,47.44866180419922,49.458045959472656,49.458045959472656,4453777871.0,49.458045959472656,0.8201758977599272,86.06787557899057,72.07281799314744,51.73770642931996,69.40747914248949,80.42606013224005
2020-05-03,49.46495819091797,50.044677734375,47.550113677978516,48.26715850830078,48.26715850830078,4667453994.0,48.26715850830078,0.8004270952052065,74.7310451517314,77.00126314209471,51.681259061469405,69.32584439107816,80.44877571036282
2020-05-04,48.24302673339844,48.34629821777344,46.03729248046875,47.47349166870117,47.47349166870117,4488284400.0,47.47349166870117,0.7872655074379846,67.17561548671523,75.99151207247907,51.62032081520623,69.24773240285377,80.468142461559
2020-05-05,47.45029067993164,47.9050407409668,46.370967864990234,46.78725814819336,46.78725814819336,4187625277.0,46.78725814819336,0.7758855149041783,59.597534357391424,67.16806499861269,51.53952410963715,69.17048445923687,80.48515383925067
2020-05-06,46.768917083740234,47.77801513671875,45.942867279052734,45.942867279052734,45.942867279052734,4575858023.0,45.942867279052734,0.7618827570975881,47.52839909701827,58.10051631370832,51.444661281147944,69.09171697015631,80.49944769105954
2020-05-07,46.01960372924805,48.06696319580078,45.03156661987305,47.330116271972656,47.330116271972656,5080727910.0,47.330116271972656,0.7848878751953995,54.980468703302655,54.03546738590413,51.352100466118486,69.01694938450643,80.51622569637212
2020-05-08,47.30772399902344,48.54597473144531,46.62904357910156,47.88221740722656,47.88221740722656,4780707207.0,47.88221740722656,0.7940435147981489,56.80360385172768,53.104157217349545,51.27581081494608,68.94490850265711,80.5292843422389
2020-05-09,47.83945846557617,48.93983459472656,47.133079528808594,47.27418518066406,47.27418518066406,4740601428.0,47.27418518066406,0.7839603550692646,48.16199333033699,53.31535529512245,51.20337511281498,68.86301134187882,80.54326798251775
2020-05-10,47.26059341430664,47.26059341430664,40.57422637939453,42.36762619018555,42.36762619018555,5783062532.0,42.36762619018555,0.7025935855809323,17.33200220756493,40.765866463209875,51.09634185749325,68.7346424834369,80.55390718538467
2020-05-11,42.35826873779297,42.86333084106445,40.13576126098633,41.6999626159668,41.6999626159668,5121746343.0,41.6999626159668,0.6915215433931922,14.50241774161147,26.665471093171146,50.97535004120707,68.61720261769752,80.56691637431105
2020-05-12,41.73921585083008,42.6843147277832,41.41278076171875,42.111881256103516,42.111881256103516,4734936547.0,42.111881256103516,0.6983524994878795,18.32150163116213,16.71864052677952,50.867223114263815,68.49132219601984,80.57897105979049
2020-05-13,42.07453536987305,43.54827880859375,41.95380783081055,43.134559631347656,43.134559631347656,4565388581.0,43.134559631347656,0.7153118463092812,27.803215072900073,20.20904481522457,50.76773820679045,68.35848425773725,80.5919770506419
2020-05-14,43.09492111206055,44.2290153503418,42.479400634765625,43.945335388183594,43.945335388183594,5023559798.0,43.945335388183594,0.7287571557901654,38.44592027219359,28.19021232541861,50.673934863564746,68.20013019614024,80.60894512019745
2020-05-15,43.945838928222656,44.06401443481445,42.467708587646484,42.833980560302734,42.833980560302734,4340414828.0,42.833980560302734,0.7103272638281188,27.23021539804809,31.15978358104726,50.58324681474863,68.05560524822914,80.6267590753564
2020-05-16,42.85136032104492,43.74107360839844,42.578529357910156,43.21289825439453,43.21289825439453,3879155974.0,43.21289825439453,0.716610956479129,31.05422274647429,32.243452805572,50.50347188522255,67.93017419788936,80.64302254419893
2020-05-17,43.180320739746094,44.356815338134766,43.09638214111328,43.64083480834961,43.64083480834961,3901110454.0,43.64083480834961,0.7237075418883464,39.81195310959797,32.6987970847068,50.42191668025783,67.8122033680955,80.65697983693859
2020-05-18,43.64307403564453,46.24467849731445,43.58699417114258,45.201072692871094,45.201072692871094,4473025831.0,45.201072692871094,0.7495813806709188,57.53372603647849,42.79996729751693,50.34338031831335,67.67488795763826,80.67296483462259
2020-05-19,45.21331024169922,45.38361358642578,44.3441047668457,45.38361358642578,45.38361358642578,3612370257.0,45.38361358642578,0.752608504738291,59.6070946538789,52.317591266651796,50.280990506781905,67.54855902162316,80.68929142189897
2020-05-20,45.38744354248047,45.963008880615234,43.71659469604492,44.17212677001953,44.17212677001953,3448255432.0,44.17212677001953,0.7325180974447129,45.84656846921599,54.329129719857804,50.21841204492121,67.41887237862365,80.7056146421389
2020-05-21,44.15623474121094,44.44780731201172,41.88386154174805,42.74270248413086,42.74270248413086,3143718509.0,42.74270248413086,0.7088135752741592,29.61062594917101,45.021429690755305,50.14984252804616,67.29430287504849,80.72147007772368
2020-05-22,42.730369567871094,44.5757942199707,42.5117301940918,44.20758056640625,44.20758056640625,2908274408.0,44.20758056640625,0.7331060371563688,46.2492661188465,40.56882017907784,50.11336453755697,67.17109960791183,80.7325161798904
2020-05-23,44.208248138427734,44.53317642211914,43.70608139038086,44.033119201660156,44.033119201660156,2576920703.0,44.033119201660156,0.730212898058793,54.701049186928316,43.520313751648615,50.09378849092077,67.01803135806567,80.74126478221318
2020-05-24,44.018592834472656,44.37795639038086,42.44266891479492,42.44889450073242,42.44889450073242,2656112321.0,42.44889450073242,0.7039412795358619,37.86486459483358,46.27172663353614,50.05959398238385,66.85303567860224,80.75272477729135
2020-05-25,42.40567398071289,43.438758850097656,42.09907531738281,42.946128845214844,42.946128845214844,2701310002.0,42.946128845214844,0.7121870485906506,31.733868707530792,41.43326082976424,50.04982295844073,66.66543986176791,80.77025704057249
2020-05-26,42.92720031738281,43.007381439208984,42.120792388916016,42.43205642700195,42.43205642700195,2475471673.0,42.43205642700195,0.7036620492919143,12.570921706634754,27.38988500299972,50.031253116378366,66.45831508375194,80.78733170391762
2020-05-27,42.409095764160156,44.06675338745117,42.36875915527344,43.86143112182617,43.86143112182617,2757608482.0,43.86143112182617,0.7273657490806893,45.348603260080374,29.884464558081984,50.0126087939153,66.26360349785791,80.8052685358753
2020-05-28,43.87184524536133,44.86268997192383,43.50492858886719,44.758697509765625,44.758697509765625,2743046058.0,44.758697509765625,0.7422453556438172,65.92425220572412,41.28125905747976,49.99484864740424,66.07093902483378,80.82311894490839
2020-05-29,44.77653503417969,45.37718963623047,44.324527740478516,44.6524658203125,44.6524658203125,2632197768.0,44.6524658203125,0.7404836873535017,63.488202022110606,58.253685829305034,49.981709391692945,65.89520447090881,80.84184996374121
2020-05-30,44.63286590576172,47.54093933105469,44.22645950317383,47.538631439208984,47.538631439208984,2852777896.0,47.538631439208984,0.7883457375344163,99.95920346278311,76.45721923020595,49.974384109830595,65.71164741516114,80.86216140816745
2020-05-31,47.53927993774414,47.56504821777344,45.32406997680664,45.59188461303711,45.59188461303711,2637761668.0,45.59188461303711,0.7560623184285509,65.26846031898444,76.23862193462607,49.9640915146291,65.52801074197848,80.87749335754953
2020-06-01,45.5742301940918,48.39543914794922,45.425323486328125,48.1252326965332,48.1252326965332,3035652544.0,48.1252326965332,0.7980735018146151,95.8503688697699,87.02601088384581,49.96635415124111,65.34560635187854,80.89500982554536
2020-06-02,48.094390869140625,49.76125717163086,45.261966705322266,45.92351531982422,45.92351531982422,3060955005.0,45.92351531982422,0.7615618384234726,51.28159061545405,70.80013993473614,49.966936111450195,65.17698975131937,80.91168792236886
2020-06-03,45.92983627319336,47.63124084472656,45.66325378417969,47.17289352416992,47.17289352416992,2691495449.0,47.17289352416992,0.782280608656138,67.14188585829041,71.42461511450479,49.976724582943106,65.02653789258983,80.92925284747119
2020-06-04,47.20063018798828,47.99448013305664,46.57504653930664,47.637596130371094,47.637596130371094,2697436350.0,47.637596130371094,0.7899868952640792,72.28386011117223,63.56911219497224,49.99008329839654,64.87253325475406,80.94459010433388
2020-06-05,47.674434661865234,47.9185676574707,46.870819091796875,47.05314636230469,47.05314636230469,2551367878.0,47.05314636230469,0.7802948097010499,64.65614023733008,68.02729540226426,49.999654373835995,64.69704263242957,80.95966055708934
2020-06-06,47.06672668457031,47.324432373046875,46.42837142944336,46.731956481933594,46.731956481933594,2160092222.0,46.731956481933594,0.7749684327006195,60.46425486471887,65.80141840440706,50.00545675767575,64.50350165693727,80.97640691086582
2020-06-07,46.7440185546875,46.93865203857422,45.38723373413086,46.66800308227539,46.66800308227539,2385218875.0,46.66800308227539,0.7739078765067406,59.62959182911438,61.58332897705446,50.01107157514395,64.3065591106676,80.9914353148578
2020-06-08,46.6591682434082,46.87998580932617,46.058006286621094,46.47397232055664,46.47397232055664,2357747091.0,46.47397232055664,0.7706902129072503,56.97532879791423,59.02305849724917,50.013918715096565,64.11845409968127,81.00677081417275
2020-06-09,46.47144317626953,46.7379264831543,45.665775299072266,46.06941223144531,46.06941223144531,2141209283.0,46.06941223144531,0.7639812856164993,50.059574828203125,55.554831818410584,50.020094501516205,63.8910512793554,81.02104269750586
2020-06-10,46.06926727294922,46.89228439331055,45.894508361816406,46.67997741699219,46.67997741699219,2146762421.0,46.67997741699219,0.7741064500762357,50.74939377180942,52.59476579930893,50.0312187424123,63.64625741096392,81.03333829243978
2020-06-11,46.6835823059082,46.90381622314453,42.96903991699219,43.51470947265625,43.51470947265625,2554226325.0,43.51470947265625,0.721615971984486,8.033747084450269,36.28090522815429,50.028863615025585,63.39382169018053,81.0461339175429
2020-06-12,43.50072479248047,45.2738151550293,43.11791229248047,44.82805252075195,44.82805252075195,2260548556.0,44.82805252075195,0.7433954881914409,27.36974590278562,28.717628919681783,50.0329394835592,63.1567704344449,81.05908839430438
2020-06-13,44.79370880126953,45.18855667114258,44.45869827270508,45.09455871582031,45.09455871582031,1739835590.0,45.09455871582031,0.7478150311304783,31.29344541175453,22.232312799663486,50.036458489673386,62.91578766809751,81.0726681731063
2020-06-14,45.10382843017578,45.10382843017578,43.89103698730469,44.08452606201172,44.08452606201172,1782403292.0,44.08452606201172,0.7310653916626529,16.42300449470638,25.02873193641552,50.03843848431697,62.65813680674932,81.08532974905074
2020-06-15,44.08452606201172,44.2029914855957,42.09373092651367,43.9142951965332,43.9142951965332,2090717318.0,43.9142951965332,0.7282424080568166,23.743828345927056,23.820092750795997,50.03929895911712,62.4027725376495,81.09283093143272
2020-06-16,43.908958435058594,44.28072738647461,43.485137939453125,43.87725830078125,43.87725830078125,1841455099.0,43.87725830078125,0.7276282153883782,30.225439377934197,23.46409073952255,50.058441026614666,62.154660656027595,81.08938924885231
2020-06-17,43.882442474365234,44.81455993652344,43.3642692565918,44.03235626220703,44.03235626220703,1996899442.0,44.03235626220703,0.730200246031428,32.85388461424085,28.941050779367377,50.09641331531962,61.904999338437435,81.08755432372769
2020-06-18,44.03235626220703,44.12405014038086,43.14131164550781,43.56013107299805,43.56013107299805,1576467272.0,43.56013107299805,0.7223692104336669,25.17495707117344,29.41809368778284,50.11161323714126,61.65008683400611,81.08138010556296
2020-06-19,43.556365966796875,43.68408966064453,42.6036376953125,42.679832458496094,42.679832458496094,1712639222.0,42.679832458496094,0.7077709849591387,11.205027432236214,23.077956372550176,50.126692672896255,61.395840229400214,81.077237121373
2020-06-20,42.64627456665039,43.78364181518555,42.631229400634766,43.3468132019043,43.3468132019043,1500492583.0,43.3468132019043,0.7188317035823869,25.86383238049646,20.74793896130205,50.143395710512586,61.13409517366592,81.07318170103308
2020-06-21,43.337345123291016,43.75585174560547,43.02702713012695,43.08744430541992,43.08744430541992,1362753187.0,43.08744430541992,0.7145305203593499,20.658955457656422,19.24260509012971,50.16028431334782,60.86336749873749,81.06895754217557
2020-06-22,43.1092529296875,44.33644104003906,43.07240295410156,44.18800354003906,44.18800354003906,1659721584.0,44.18800354003906,0.7327813861341804,43.53919908639224,30.020662308181716,50.17243083057508,60.60941087383114,81.06608311727167
2020-06-23,44.19498825073242,44.31815719604492,43.6243782043457,44.17927932739258,44.17927932739258,1365925951.0,44.17927932739258,0.7326367102012606,43.35782574042278,35.85199342815716,50.19063742173825,60.35912736344011,81.06579771172511
2020-06-24,44.188140869140625,44.52910614013672,42.7093505859375,42.84382629394531,42.84382629394531,1493695398.0,42.84382629394531,0.7104905382412654,15.594221748147207,34.16374885832075,50.20247244704616,60.10256416111776,81.06481088612178
2020-06-25,42.86283493041992,43.02610778808594,42.211456298828125,42.56352996826172,42.56352996826172,1311840193.0,42.56352996826172,0.705842309907604,14.773163475840889,24.575070321470303,50.213040575955084,59.8595461858462,81.06611840060857
2020-06-26,42.56430435180664,43.5618782043457,41.75668716430664,43.32078552246094,43.32078552246094,1714646169.0,43.32078552246094,0.7184000796688268,45.575694385779265,25.31435986992246,50.22973319090129,59.66479554372291,81.06865656081945
2020-06-27,43.280906677246094,43.45170974731445,40.75464630126953,41.55556106567383,41.55556106567383,1453347400.0,41.55556106567383,0.6891268941738011,18.415296041090702,26.254717967570297,50.231795420412155,59.449468058755954,81.06747488257002
2020-06-28,41.55556106567383,42.018310546875,40.778221130371094,41.408267974853516,41.408267974853516,1337385786.0,41.408267974853516,0.6866842937706964,16.09939846769935,26.69679629818978,50.22395796853988,59.19671596892893,81.0677880953436
2020-06-29,41.42753219604492,41.998565673828125,41.01976013183594,41.85103225708008,41.85103225708008,1668680719.0,41.85103225708008,0.6940267713317543,27.00515464886186,20.50661638588398,50.21401465785959,58.97644724911206,81.06915497279059
2020-06-30,41.74396514892578,41.97266387939453,41.02524185180664,41.46779251098633,41.46779251098633,1390313389.0,41.46779251098633,0.6876714049457209,17.56555123548082,20.223368117347352,50.20702260960647,58.754211838604654,81.07141943979481
2020-07-01,41.43354034423828,42.19013595581055,41.286537170410156,41.69924545288086,41.69924545288086,1220528740.0,41.69924545288086,0.691509650487469,25.026075039516822,23.198926974619848,50.20898530261764,58.54176128335195,81.07153966372415
2020-07-02,41.736717224121094,41.93464279174805,40.65645980834961,41.48573303222656,41.48573303222656,1339074369.0,41.48573303222656,0.6879689173692111,21.413605912581968,21.33507739585988,50.20607827400249,58.31962872335355,81.0670287336933
2020-07-03,41.47185516357422,41.68161392211914,41.04539108276367,41.205135345458984,41.205135345458984,1122905126.0,41.205135345458984,0.6833156914847405,14.167974302372658,20.202551751490493,50.21363085345492,58.10381561174785,81.05412529549098
2020-07-04,41.17314910888672,42.17290496826172,41.134185791015625,42.066532135009766,42.066532135009766,1173145659.0,42.066532135009766,0.6976004629812984,36.41107929443819,23.997553169797612,50.21172352566745,57.894812936652194,81.04396276778826
2020-07-05,42.022159576416016,42.15835952758789,40.98523712158203,41.59807586669922,41.59807586669922,1170070065.0,41.59807586669922,0.6898319283987209,24.31453785543804,24.96453048408297,50.20227800171232,57.68597581941788,81.03525754153456
2020-07-06,41.59807586669922,44.14739227294922,41.495670318603516,43.96349334716797,43.96349334716797,1743603778.0,43.96349334716797,0.7290582740414546,85.39466957449386,48.70676224145671,50.204520001437494,57.476777507834235,81.03287214688514
2020-07-07,43.96349334716797,44.2248649597168,43.10875701904297,43.3182487487793,43.3182487487793,1360983976.0,43.3182487487793,0.7183580116778379,68.73307584484103,59.48076109159098,50.190869159385805,57.257689191217295,81.02481712271634
2020-07-08,43.318397521972656,45.410003662109375,43.172122955322266,45.20074462890625,45.20074462890625,2161892498.0,45.20074462890625,0.749575940299152,95.59783101532526,83.2418588115534,50.18418151563634,57.05431365444235,81.02081734470036
2020-07-09,45.1884880065918,45.70869064331055,43.83011245727539,44.53745651245117,44.53745651245117,1985305536.0,44.53745651245117,0.7385764574883508,76.81748579747088,80.38279755254574,50.17808146033782,56.87907309858766,81.01895529516212
2020-07-10,44.505367279052734,44.53230667114258,43.54658126831055,44.246116638183594,44.246116638183594,1840301462.0,44.246116638183594,0.7337450910585797,71.05092675089021,81.15541452122879,50.172781928640894,56.71907806919046,81.01796471756887
2020-07-11,44.25065612792969,44.70627975463867,44.00514602661133,44.67707824707031,44.67707824707031,1764984238.0,44.67707824707031,0.7408918417562995,79.58105181771231,75.81648812202447,50.15064940947652,56.55298771792895,81.01424405694553
2020-07-12,44.687767028808594,45.18264389038086,44.06024932861328,44.63610076904297,44.63610076904297,1598865182.0,44.63610076904297,0.7402123013665204,78.76997490206975,76.46731782355744,50.125361614539976,56.3984981432353,81.0126991254554
2020-07-13,44.63610076904297,45.306724548339844,43.236671447753906,43.919795989990234,43.919795989990234,1724704950.0,43.919795989990234,0.7283336291741189,64.59198497144392,74.31433723040867,50.08623078351464,56.27287983829028,81.01371930440267
2020-07-14,43.96921920776367,44.001564025878906,43.14065170288086,43.80286407470703,43.80286407470703,1882872130.0,43.80286407470703,0.7263945162000081,62.27752391249852,68.5464945953374,50.05382146991667,56.14378364772013,81.01817497880492
2020-07-15,43.790374755859375,44.009056091308594,42.99142837524414,43.278953552246094,43.278953552246094,1809900342.0,43.278953552246094,0.7177063690083988,51.90763901263353,59.592382632192,49.97076529622729,56.04454809214971,81.0203357592021
2020-07-16,43.26382827758789,43.40397262573242,41.47480010986328,42.035438537597656,42.035438537597656,1543731673.0,42.035438537597656,0.697084829606034,22.233762038401743,45.4729749878446,49.883238464105325,55.91365690361964,81.01975652442131
2020-07-17,42.0412712097168,42.3414306640625,41.77911376953125,41.91281509399414,41.91281509399414,1336746650.0,41.91281509399414,0.6950513325077795,19.637707201841344,31.259702750958883,49.797416384754285,55.75154018140819,81.01757425630474
2020-07-18,41.908267974853516,42.83024978637695,41.78263473510742,42.425865173339844,42.425865173339844,1141296421.0,42.425865173339844,0.7035593780898466,30.499464959922467,24.123644733388527,49.6932564928232,55.598179109129184,81.01900025284998
2020-07-19,42.425865173339844,42.69797897338867,41.883609771728516,42.552730560302734,42.552730560302734,1140767149.0,42.552730560302734,0.7056632204602511,25.459572984325458,25.19891504869643,49.60114766730637,55.43911826251304,81.01675096450876
2020-07-20,42.5511589050293,42.70646286010742,41.642337799072266,41.97581100463867,41.97581100463867,1152077279.0,41.97581100463867,0.6960960104073152,11.833345496711834,22.597461146986593,49.514672899506785,55.281168193033295,81.01329234397575
2020-07-21,41.973995208740234,43.92832946777344,41.88581848144531,43.61614990234375,43.61614990234375,1384220462.0,43.61614990234375,0.7232981855429488,50.57640899225058,29.289775824429302,49.44042638351357,55.13924699025611,81.01060544889268
2020-07-22,43.606788635253906,45.0008430480957,43.31925964355469,44.93611526489258,44.93611526489258,1383704376.0,44.93611526489258,0.7451875213474327,81.75258967338175,48.0541147207814,49.37096318521135,55.01407846424678,81.0114092979257
2020-07-23,44.93959426879883,45.466651916503906,44.577510833740234,44.85007858276367,44.85007858276367,1775727714.0,44.85007858276367,0.7437607522214712,84.55420282099308,72.29440049554181,49.297167303783645,54.878572735721114,81.01181530712947
2020-07-24,44.85010528564453,44.88047790527344,44.058841705322266,44.18254089355469,44.18254089355469,1620747746.0,44.18254089355469,0.7326907976182464,67.83169603608424,78.04616284348636,49.240075939991435,54.74360347904571,81.01358813107286
2020-07-25,44.107261657714844,49.16240310668945,44.067893981933594,48.80476760864258,48.80476760864258,2433671618.0,48.80476760864258,0.809342409548156,95.34789324846086,82.57793070184607,49.20878074729377,54.618945265469485,81.019592760687
2020-07-26,48.836585998535156,50.37880325317383,47.71577835083008,47.97871780395508,47.97871780395508,2587129920.0,47.97871780395508,0.7956438064794228,73.04487194591906,78.7414870768214,49.1775289962852,54.50686223800868,81.02492510477701
2020-07-27,47.973758697509766,54.931488037109375,47.52111053466797,52.95002746582031,52.95002746582031,3397559596.0,52.95002746582031,0.8780843535302305,85.27527292003889,84.55601270480628,49.15970010184199,54.40598742863903,81.03619033430265
2020-07-28,53.06098556518555,57.13096618652344,51.90334701538086,55.5752067565918,55.5752067565918,3293197775.0,55.5752067565918,0.9216183981900942,90.06296035495606,82.79436840697134,49.14227900479009,54.31050464682383,81.04939554467049
2020-07-29,55.591705322265625,56.692726135253906,55.03009033203125,55.17200469970703,55.17200469970703,2572759911.0,55.17200469970703,0.914931991508053,87.48760407098146,87.6086124486588,49.11222538140302,54.21353219959834,81.06286586778893
2020-07-30,55.1008415222168,57.97104263305664,54.07687759399414,56.64311218261719,56.64311218261719,3015740898.0,56.64311218261719,0.9393277571936985,91.86750900367997,89.80602447653916,49.09345586182641,54.09882956204349,81.07530459922198
2020-07-31,56.654850006103516,58.73869323730469,55.82644271850586,57.998138427734375,57.998138427734375,2461431454.0,57.998138427734375,0.9617985169157452,95.66834690442725,91.67448665969624,49.037931671559484,53.986003295689414,81.08896837800606
2020-08-01,57.998138427734375,61.663177490234375,57.50492477416992,61.2932243347168,61.2932243347168,3124975567.0,61.2932243347168,1.0164418007238023,98.15215964352939,95.22933851721221,49.00194112850669,53.89381680945827,81.10646703188822
2020-08-02,61.259525299072266,64.45904541015625,55.802589416503906,56.64144515991211,56.64144515991211,3499183526.0,56.64144515991211,0.939300112513906,65.73738690306713,86.51929781700794,48.924462605043836,53.789873154522624,81.11905145688688
2020-08-03,56.624900817871094,59.644954681396484,56.13666534423828,58.468902587890625,58.468902587890625,2250487587.0,58.468902587890625,0.9696053238811021,73.46350682964716,79.1176844587479,48.86018587331303,53.694709103727995,81.13276762418006
2020-08-04,58.46235275268555,59.41592025756836,56.80051040649414,57.53305435180664,57.53305435180664,2088598738.0,57.53305435180664,0.9540859042941217,67.23717480007825,68.81268951093085,48.79326147069045,53.58703350432931,81.14251561796284
2020-08-05,57.57620620727539,59.76585388183594,57.11745071411133,59.01070785522461,59.01070785522461,2144590019.0,59.01070785522461,0.9785902243745597,73.29272965229943,71.33113709400828,48.7430698311394,53.49372114939232,81.1552167204417
2020-08-06,58.98693084716797,60.563934326171875,57.97606658935547,59.16426467895508,59.16426467895508,2241049269.0,59.16426467895508,0.9811366979223318,74.04545166406092,71.52511870547954,48.67023464890777,53.40673941520795,81.16742563639602
2020-08-07,59.14830017089844,60.84126281738281,55.871726989746094,57.24553298950195,57.24553298950195,2756992175.0,57.24553298950195,0.9493178612613128,64.62430066273582,70.65416065969873,48.58202069183516,53.31691455057223,81.17529196717423
2020-08-08,57.205867767333984,58.542938232421875,56.65135955810547,58.129207611083984,58.129207611083984,1726820323.0,58.129207611083984,0.9639720719569315,62.62922342302494,67.0996585832739,48.49334905447204,53.24483189517505,81.1845315158095
2020-08-09,58.22804641723633,58.66007995605469,56.4997444152832,57.13903045654297,57.13903045654297,1601010110.0,57.13903045654297,0.9475517015012825,56.78330913760664,61.34561107445581,48.38772863377639,53.167351213220044,81.19424770651342
2020-08-10,57.116756439208984,59.24289321899414,57.116756439208984,58.28884506225586,58.28884506225586,2247183310.0,58.28884506225586,0.9666193821628034,50.85737046321612,56.756634341282584,48.28497596907486,53.08114895232736,81.20446637819892
2020-08-11,58.28884506225586,59.43977737426758,53.23125076293945,54.386844635009766,54.386844635009766,2754950222.0,54.386844635009766,0.9019114738459519,10.292260487296739,39.31098002937318,48.175969118629,52.995224610420124,81.21172934231693
2020-08-12,54.366390228271484,55.558563232421875,52.32285690307617,54.96858596801758,54.96858596801758,2450391467.0,54.96858596801758,0.9115586447118351,21.8003293488555,27.649986766456127,48.05777889522698,52.91457376872024,81.22009078944654
2020-08-13,54.98871612548828,57.862003326416016,52.348724365234375,57.74131774902344,57.74131774902344,2843622469.0,57.74131774902344,0.9575395914641078,44.64713812566617,25.579909320606145,47.929056876344106,52.864371934655594,81.23099199234079
2020-08-14,57.70130157470703,57.98078918457031,56.35732650756836,56.75312423706055,56.75312423706055,2476128674.0,56.75312423706055,0.9411521162796082,36.50460217719773,34.317356550573145,47.799820248546496,52.810575077631704,81.24327201494887
2020-08-15,56.72636032104492,60.376155853271484,56.72636032104492,59.92781066894531,59.92781066894531,3063536363.0,59.92781066894531,0.9937987836491798,62.66344463447086,47.9383949791116,47.67379544992916,52.769500173281315,81.25767987917547
2020-08-16,59.94212341308594,64.28931427001953,59.330772399902344,63.826541900634766,63.826541900634766,3595771595.0,63.826541900634766,1.058452478028772,96.1327537867377,65.10026686613544,47.60446920551237,52.74492159804253,81.27586430066252
2020-08-17,63.826541900634766,68.51951599121094,61.88155746459961,67.02803802490234,67.02803802490234,3997651594.0,67.02803802490234,1.111543737639953,90.79144681509528,83.19588174543462,47.5600727581587,52.71960128888692,81.29389776116636
2020-08-18,67.05615997314453,68.032958984375,64.27819061279297,65.52753448486328,65.52753448486328,3627257060.0,65.52753448486328,1.0866604893399305,81.52716872000164,89.48378977394488,47.5178663639423,52.68744880467245,81.31220601225553
2020-08-19,65.55464935302734,66.9671859741211,59.573177337646484,62.0046272277832,62.0046272277832,3345972244.0,62.0046272277832,1.028239183640383,59.77634197289263,77.36498583599654,47.43573220049748,52.65130651291103,81.32661115219604
2020-08-20,62.01996612548828,63.5305290222168,61.28464126586914,62.96675491333008,62.96675491333008,2801314591.0,62.96675491333008,1.0441944023099543,65.71662681998004,69.00671250429144,47.391091841817556,52.62391419606666,81.34033786825938
2020-08-21,62.90597152709961,63.649986267089844,59.17335891723633,59.37902069091797,59.37902069091797,2911090515.0,59.37902069091797,0.9846980538451949,43.565551077203025,56.3528399566919,47.335103717658036,52.58495645914992,81.35189213339052
2020-08-22,59.36305618286133,60.46170425415039,58.28854751586914,60.3111572265625,60.3111572265625,2317942996.0,60.3111572265625,1.0001559213190445,49.32066718214956,52.86761502644422,47.26330173471586,52.543609446695406,81.35834241370632
2020-08-23,60.26280212402344,61.48896026611328,58.34038543701172,60.623260498046875,60.623260498046875,2315616100.0,60.623260498046875,1.0053316126735565,51.24762798181851,48.04461541372371,47.18401310613247,52.50843039212162,81.3678745234938
2020-08-24,60.623260498046875,62.820098876953125,60.27156066894531,62.199424743652344,62.199424743652344,2490426542.0,62.199424743652344,1.0314695625273753,60.9790438067038,53.84911299022397,47.089274161500356,52.48073527192416,81.37794084766684
2020-08-25,62.2150993347168,62.34196853637695,57.267555236816406,58.580665588378906,58.580665588378906,2625416624.0,58.580665588378906,0.9714587193698146,38.63641662919877,50.287696139240374,46.99662412841463,52.43888181398993,81.38417926422537
2020-08-26,58.442039489746094,58.99238204956055,57.21358871459961,58.35817337036133,58.35817337036133,2067102732.0,58.35817337036133,0.9677690718894695,37.16236745932368,45.59260929840877,46.92655816625376,52.39921591249231,81.3816216159629
2020-08-27,58.298702239990234,59.15990447998047,54.79509735107422,56.041015625,56.041015625,2212235187.0,56.041015625,0.9293430302377147,9.078113300057202,28.292299129526565,46.89938170010926,52.36802542176965,81.37585496423452
2020-08-28,56.10396194458008,58.16758346557617,55.56637191772461,57.35440444946289,57.35440444946289,2206041301.0,57.35440444946289,0.9511233055663115,18.647836134231888,21.62943896453761,46.876685085192406,52.349549672374984,81.37054665796289
2020-08-29,57.438873291015625,58.22694396972656,57.13005065917969,57.29173278808594,57.29173278808594,2006047086.0,57.29173278808594,0.9500840047784058,18.191192665242454,15.305714033177196,46.86317565792897,52.33025859153434,81.36426577807562
2020-08-30,57.20773696899414,62.79817581176758,57.171024322509766,62.725341796875,62.725341796875,2759602454.0,62.725341796875,1.0401909845509547,57.782006318351286,31.540345039275223,46.88602855036167,52.32518815863622,81.35665869342682
2020-08-31,62.844058990478516,63.49125671386719,60.75156021118164,61.11379623413086,61.11379623413086,2561891272.0,61.11379623413086,1.0134662969280799,47.732020911606334,41.23507329840004,46.903280508322794,52.31140480041504,81.3338953079154
2020-09-01,61.10507583618164,64.1839599609375,60.38698196411133,62.882789611816406,62.882789611816406,2717986649.0,62.882789611816406,1.0428019834382891,66.44457258903611,57.31953327299792,46.913593302658995,52.300275583136575,81.31915420288365
2020-09-02,62.8713264465332,63.07072067260742,57.139808654785156,58.099647521972656,58.099647521972656,2790169260.0,58.099647521972656,0.9634818691566709,35.19649086596399,49.79102812220216,46.89695488559744,52.27005747442376,81.30203698389062
2020-09-03,58.013084411621094,58.530818939208984,47.059383392333984,47.774112701416016,47.774112701416016,2765272845.0,47.774112701416016,0.7922507857806521,4.173705003558616,35.27158948618625,46.82805703376812,52.216601264640076,81.28611763209513
2020-09-04,47.77921676635742,52.33302307128906,47.18532180786133,50.611976623535156,50.611976623535156,2851271830.0,50.611976623535156,0.8393118361090827,20.745582916862045,20.0385929287949,46.7655789839114,52.17609827224523,81.26722920909864
2020-09-05,50.619232177734375,51.31809616088867,46.146461486816406,47.58933639526367,47.58933639526367,2831766570.0,47.58933639526367,0.7891865912731003,7.999307168438012,10.972865029619571,46.68122781430437,52.12777261080807,81.23752604271179
2020-09-06,47.5965576171875,48.89556884765625,46.62266540527344,48.05357360839844,48.05357360839844,2075916067.0,48.05357360839844,0.7968851601443487,10.57304106951537,13.105977051605157,46.612961492903246,52.07027908220683,81.20973542618425
2020-09-07,48.0339241027832,49.07195281982422,45.62166213989258,48.77010726928711,48.77010726928711,2235340013.0,48.77010726928711,0.8087676279449598,16.961505303642934,11.844617847198785,46.596794868427544,52.01060986976101,81.1923612777501
2020-09-08,48.80512619018555,49.30001449584961,46.20237731933594,47.3838005065918,47.3838005065918,2314205963.0,47.3838005065918,0.7857781351009444,9.493104699038943,12.342550357399096,46.58157985457957,51.94812100031604,81.1753518701144
2020-09-09,47.377357482910156,48.8466682434082,46.701377868652344,47.89769744873047,47.89769744873047,1828181736.0,47.89769744873047,0.7943002244333868,12.261603228116758,12.905404410266227,46.568690826332634,51.88531087065396,81.16282602423402
2020-09-10,47.923194885253906,49.38438415527344,47.90349578857422,48.716854095458984,48.716854095458984,2001211524.0,48.716854095458984,0.8078845164348764,16.674616393974922,12.809774773710222,46.570073727050115,51.82721419138451,81.14700588940485
2020-09-11,48.716854095458984,49.40973663330078,47.40207290649414,49.089752197265625,49.089752197265625,1835173089.0,49.089752197265625,0.814068384589976,18.683516937440338,15.87324551984402,46.66930251825051,51.77204892406725,81.13317579678748
2020-09-12,49.0577278137207,51.22113800048828,48.67241668701172,50.81715393066406,50.81715393066406,1588978329.0,50.81715393066406,0.8427143458283771,27.98948622018724,21.115873183867517,46.742412900664114,51.72226409389548,81.12320963715854
2020-09-13,50.760929107666016,50.931419372558594,47.52531433105469,48.066036224365234,48.066036224365234,1785910878.0,48.066036224365234,0.7970918310113576,13.168488664702696,19.947163940776772,46.81710934248127,51.660630490028694,81.12912848311473
2020-09-14,48.049659729003906,49.94481658935547,47.43855667114258,49.09012222290039,49.09012222290039,1786276098.0,49.09012222290039,0.8140745208232479,18.68551036324534,19.94782841604511,46.88625158507967,51.602479652509295,81.12992987262604
2020-09-15,49.11736297607422,50.14468002319336,48.34780502319336,48.390098571777344,48.390098571777344,1663112038.0,48.390098571777344,0.8024658428948176,15.865821222928943,15.90660675029234,46.97102689482475,51.53622481986268,81.13005023590506
2020-09-16,48.459632873535156,48.792354583740234,47.4674072265625,47.933433532714844,47.933433532714844,1674030602.0,47.933433532714844,0.7948928453951676,17.907996848753776,17.486442811642704,47.0495491027832,51.46420346090238,81.12954177333884
2020-09-17,47.98067092895508,49.47981262207031,47.87519454956055,48.87706756591797,48.87706756591797,1701721113.0,48.87706756591797,0.810541378921409,48.50589111958271,27.42656973042182,47.132570360527666,51.384499176234414,81.12347023846353
2020-09-18,48.82827377319336,49.07770919799805,47.79171371459961,48.46281433105469,48.46281433105469,1135775840.0,48.46281433105469,0.8036717076229846,49.87597821180939,38.7632887267153,47.18387664211252,51.30615175325577,81.1194771004594
2020-09-19,48.48158645629883,49.03279495239258,48.208038330078125,48.67683029174805,48.67683029174805,961716690.0,48.67683029174805,0.8072207910793036,54.5616809129425,50.98118341477821,47.241498915875546,51.233625004389516,81.11668534823204
2020-09-20,48.667938232421875,48.67055892944336,46.43110275268555,47.100528717041016,47.100528717041016,1033913350.0,47.100528717041016,0.781080563860559,26.410803688885043,43.61615427121233,47.28935794100735,51.1612524110977,81.11713715470545
2020-09-21,47.1291389465332,47.6491584777832,42.543270111083984,43.390220642089844,43.390220642089844,1923483523.0,43.390220642089844,0.7195515406793239,9.759891966550777,30.24412552279279,47.33177414357336,51.08118145563831,81.1128448434072
2020-09-22,43.35946273803711,44.765403747558594,43.1172981262207,44.545047760009766,44.545047760009766,1078696494.0,44.545047760009766,0.7387023451606334,23.067620692520084,19.746105449318648,47.36335491743244,51.020066817819256,81.10852835842464
2020-09-23,44.48606491088867,45.0760612487793,42.73939514160156,43.05768966674805,43.05768966674805,1676705751.0,43.05768966674805,0.7140370912921113,5.927948687628333,12.918487115566412,47.377382476473116,50.9850916143966,81.10436341621016
2020-09-24,43.04633712768555,45.17330551147461,42.75492858886719,45.03985595703125,45.03985595703125,2070966440.0,45.03985595703125,0.7469078807684012,28.769576556882186,19.25504864567688,47.40956080285578,50.95052133325028,81.09839058967486
2020-09-25,45.04555130004883,46.566505432128906,44.150794982910156,46.08631134033203,46.08631134033203,1849539132.0,46.08631134033203,0.764261528022636,40.82847623866354,25.1753338277247,47.44194174594566,50.92461912076767,81.09340384322215
2020-09-26,46.103172302246094,46.51958465576172,45.36458206176758,46.18892288208008,46.18892288208008,2123570272.0,46.18892288208008,0.7659631624431043,43.46194443320147,37.68666574291574,47.4816709633082,50.89675083421681,81.08418541651338
2020-09-27,46.091331481933594,46.5918083190918,45.063533782958984,46.09169387817383,46.09169387817383,2217192656.0,46.09169387817383,0.7643507880756968,46.68112637153077,43.6571823477986,47.5211132445622,50.87047534576834,81.07688540976886
2020-09-28,46.110626220703125,46.96242904663086,45.28989028930664,45.35554122924805,45.35554122924805,1923868466.0,45.35554122924805,0.7521429733913925,36.996703909941665,42.37992490489132,47.5649547681131,50.8459164292845,81.07024846011645
2020-09-29,45.29804992675781,45.87041473388672,45.020565032958984,45.79656219482422,45.79656219482422,1790368155.0,45.79656219482422,0.7594565410699212,46.900773383678704,43.52620122171706,47.6013387669631,50.81780589378043,81.06171344948686
2020-09-30,45.8067626953125,46.71512222290039,45.49448776245117,46.3714599609375,46.3714599609375,1979505099.0,46.3714599609375,0.7689902232503395,55.1887319048402,46.3620697328202,47.639985527497174,50.79126722257431,81.05425058129715
2020-10-01,46.42695617675781,48.513702392578125,45.565799713134766,46.313507080078125,46.313507080078125,2558851054.0,46.313507080078125,0.7680291752516871,57.69794344773154,53.2624829120835,47.67786909843403,50.763334566926304,81.04780081657515
2020-10-02,46.34896469116211,46.95109176635742,44.20128631591797,44.923973083496094,44.923973083496094,2201641713.0,44.923973083496094,0.7449861643319172,36.68532027580694,49.85733187612624,47.70546365956791,50.73149116725138,81.04101942053668
2020-10-03,44.905696868896484,46.130401611328125,44.781742095947266,45.58177185058594,45.58177185058594,1707844978.0,45.58177185058594,0.7558946158058266,49.589660771295804,47.990974831611446,47.73400266053247,50.70061051355649,81.0357064251486
2020-10-04,45.58098220825195,47.040550231933594,45.45301055908203,46.730106353759766,46.730106353759766,2034541387.0,46.730106353759766,0.7749377515342591,70.1261825823439,52.133721209815555,47.767087634143934,50.67290156638786,81.03119556479258
2020-10-05,46.74247741699219,47.105098724365234,45.69383239746094,46.36322784423828,46.36322784423828,2349391995.0,46.36322784423828,0.7688537078750701,62.75787804716919,60.82457380026964,47.79819740754008,50.6481115942132,81.0259381490211
2020-10-06,46.35686492919922,48.08342361450195,45.673255920410156,45.985530853271484,45.985530853271484,3013107749.0,45.985530853271484,0.7625902584678441,56.21688577657395,63.03364880202903,47.806910030177384,50.615775241590526,81.01991215013479
2020-10-07,46.00466537475586,46.98228454589844,45.24394607543945,46.66048049926758,46.66048049926758,2167187221.0,46.66048049926758,0.7737831275169208,67.8191580972266,62.26464064032326,47.81779828097651,50.586355773716754,81.01399240537322
2020-10-08,46.68059539794922,47.488433837890625,45.83724594116211,47.218379974365234,47.218379974365234,2350341454.0,47.218379974365234,0.7830349225276448,70.31056823845205,64.78220403741754,47.82270823410951,50.55289690723158,81.01130234008511
2020-10-09,47.2160530090332,48.27326965332031,46.71034622192383,47.83295440673828,47.83295440673828,2250628685.0,47.83295440673828,0.793226573391185,84.21423226009621,74.1146528652583,47.83062066667067,50.52565545382565,81.00866841877976
2020-10-10,47.77711868286133,50.40800476074219,47.77711868286133,48.92109680175781,48.92109680175781,2781995604.0,48.92109680175781,0.8112715274206485,76.04357323112816,76.85612457655883,47.866966476857336,50.50544758104298,81.00687261607548
2020-10-11,48.91490936279297,51.24394607543945,48.865318298339844,50.727901458740234,50.727901458740234,2601103257.0,50.727901458740234,0.8412342484070717,92.67258913081041,84.31013154067827,47.91291621473969,50.49105041190369,80.99830668026998
2020-10-12,50.61570739746094,51.52434158325195,49.53612518310547,50.74381637573242,50.74381637573242,2646408249.0,50.74381637573242,0.8414981696979076,89.34153602525402,86.01923279573087,47.95823604813039,50.47469375296815,80.9903750955242
2020-10-13,50.683040618896484,50.683040618896484,49.1269416809082,49.94063949584961,49.94063949584961,2177774803.0,49.94063949584961,0.8281788744095798,78.37375208040861,86.79595907882435,48.005975379318485,50.45542042875943,80.97758097713941
2020-10-14,50.00718307495117,50.97562026977539,49.41543197631836,49.84648895263672,49.84648895263672,2213563866.0,49.84648895263672,0.8266175509725905,77.08807909589804,81.60112240052023,48.05402263787275,50.441454080032976,80.96331530531792
2020-10-15,49.82561111450195,50.2487907409668,49.0589599609375,49.49037170410156,49.49037170410156,2340485565.0,49.49037170410156,0.8207119641593862,72.22511909443948,75.89565009024871,48.10812811512765,50.4320493253943,80.94949655576384
2020-10-16,49.53493118286133,49.901912689208984,46.21237564086914,47.692874908447266,47.692874908447266,2331529601.0,47.692874908447266,0.7909035979068171,43.175229642235614,64.16280927752437,48.135471594138224,50.4123463095051,80.93873297112174
2020-10-17,47.747188568115234,47.747188568115234,46.746177673339844,47.05392837524414,47.05392837524414,2169301016.0,47.05392837524414,0.7803077780290991,28.819559175105447,48.07330263726019,48.15901744821684,50.39470860206917,80.92624267682638
2020-10-18,47.059417724609375,47.878196716308594,46.973388671875,47.619544982910156,47.619544982910156,2636565895.0,47.619544982910156,0.7896875482966211,37.825625862504616,36.6068048932819,48.176813344486426,50.37713318393655,80.91517404181772
2020-10-19,47.641456604003906,48.49648666381836,46.9943733215332,48.098915100097656,48.098915100097656,1771107656.0,48.098915100097656,0.7976370701306562,45.4584272774981,37.367870771702734,48.206672168168865,50.35840588399809,80.90400355265021
2020-10-20,48.10254669189453,48.44023895263672,46.68516159057617,47.051029205322266,47.051029205322266,1757468523.0,47.051029205322266,0.7802597003251117,28.773396956209062,37.352483365403934,48.24067569169842,50.33679693039149,80.89382019913904
2020-10-21,47.062843322753906,54.54841232299805,47.05569076538086,53.04533004760742,53.04533004760742,3534993796.0,53.04533004760742,0.879664781528541,82.74533845978682,52.32572089783133,48.30627781185296,50.33488177469332,80.89038406267558
2020-10-22,53.015892028808594,56.06055450439453,53.00957489013672,54.267276763916016,54.267276763916016,3814584794.0,54.267276763916016,0.8999286481172946,81.7907679650269,64.4365011270076,48.37392734048145,50.347592241470124,80.88978778542993
2020-10-23,54.29941177368164,56.66780471801758,53.1826171875,55.23868942260742,55.23868942260742,3519541892.0,55.23868942260742,0.916037841959899,86.33135680166724,83.62248774216033,48.441148518213154,50.36175943139481,80.88912613228575
2020-10-24,55.23872756958008,59.325233459472656,54.814544677734375,59.09558868408203,59.09558868408203,3899047277.0,59.09558868408203,0.979997825679063,98.24870536562348,88.79027671077256,48.51920937710121,50.36766786444677,80.89150173762073
2020-10-25,59.095584869384766,59.77090072631836,56.66130065917969,58.674800872802734,58.674800872802734,3725652470.0,58.674800872802734,0.9730197897662565,91.9157884312067,92.16528353283248,48.595492941434266,50.3728721043835,80.89418374849781
2020-10-26,58.67481994628906,59.097110748291016,55.213218688964844,56.74577713012695,56.74577713012695,3701855843.0,56.74577713012695,0.9410302772560823,77.68840211508021,89.28429863730348,48.66137649452752,50.36419206906671,80.89547450270283
2020-10-27,56.745750427246094,58.885128021240234,56.5108642578125,57.8160514831543,57.8160514831543,3431678162.0,57.8160514831543,0.9587789208046554,85.5821394226576,85.06210998964818,48.73299391282712,50.36334059728335,80.89832578162624
2020-10-28,57.816078186035156,60.30220413208008,54.71086502075195,55.74251174926758,55.74251174926758,3786206312.0,55.74251174926758,0.9243928612709854,67.63841103064682,76.96965085612823,48.786074841608766,50.35203343744147,80.89708022200354
2020-10-29,55.742557525634766,56.3043098449707,53.460052490234375,54.76585388183594,54.76585388183594,3010404352.0,54.76585388183594,0.9081966847402458,60.70675910854665,71.3091031872837,48.81659152338413,50.342019418167745,80.89559652772668
2020-10-30,54.765960693359375,55.570556640625,52.52662658691406,53.83503341674805,53.83503341674805,2563994174.0,53.83503341674805,0.8927606420136013,52.506789226658476,60.28398645528399,48.85550416623308,50.32846968663882,80.89384395477434
2020-10-31,53.83503723144531,56.10519790649414,53.533382415771484,55.59025955200195,55.59025955200195,2657420659.0,55.59025955200195,0.9218680226900074,65.39671102799005,59.53675312106507,48.89811923334507,50.320268630981445,80.89604437318567
2020-11-01,55.59025955200195,55.97421646118164,54.25963592529297,55.587623596191406,55.587623596191406,2045991010.0,55.587623596191406,0.921824309935461,65.37735325773625,61.0936178374616,48.931614193108565,50.31202369062868,80.89682092361798
2020-11-02,55.58732223510742,56.71083450317383,53.2059440612793,53.817481994628906,53.817481994628906,3019889902.0,53.817481994628906,0.8924695821240672,52.37789617175581,61.050653485827375,48.961943829645875,50.29885188586091,80.89466209411621
2020-11-03,53.81740951538086,54.27239990234375,51.64844512939453,53.81962203979492,53.81962203979492,2580300879.0,53.81962203979492,0.8925050710608264,51.06197447713372,56.272407968875264,48.99662213768464,50.27760960304574,80.89355014992631
2020-11-04,53.8194694519043,55.00708770751953,51.60655975341797,54.49910354614258,54.49910354614258,3050534139.0,54.49910354614258,0.9037730931524517,33.26428343622821,45.56805136170592,49.03876336936742,50.253489982918516,80.89332430939696
2020-11-05,54.50187301635742,59.223793029785156,54.50187301635742,58.678497314453125,58.678497314453125,3250514599.0,58.678497314453125,0.9730810888388405,81.32735485812528,55.21787092382908,49.108356976118245,50.238174234677665,80.89652503897611
2020-11-06,58.67619323730469,63.28035354614258,58.46535110473633,63.13111114501953,63.13111114501953,4083503373.0,63.13111114501953,1.0469199653050794,98.72156041323893,71.10439956919748,49.19470121039719,50.24170269378244,80.89820166984106
2020-11-07,63.13111114501953,64.40208435058594,57.59221267700195,59.143646240234375,59.143646240234375,4320946722.0,59.143646240234375,0.9807947768827902,58.90408345183899,79.65099957440108,49.25623907287264,50.23790468712376,80.8950697476461
2020-11-08,59.143646240234375,61.81282043457031,58.8812370300293,61.05504608154297,61.05504608154297,2560316021.0,61.05504608154297,1.012492027560831,73.84211765898392,77.15592050802063,49.331544323697116,50.235439849226445,80.8921339914679
2020-11-09,61.055015563964844,61.77642822265625,57.84232711791992,59.36388397216797,59.36388397216797,2791720300.0,59.36388397216797,0.9844470376222716,60.62529253757152,64.45716454946482,49.42442004928172,50.22317250395474,80.89222877014717
2020-11-10,59.3654670715332,59.657386779785156,57.597496032714844,58.237342834472656,58.237342834472656,2269831643.0,58.237342834472656,0.9657653070555229,51.821111598052624,62.09617393153602,49.51478824719705,50.21314026819517,80.88851556821501
2020-11-11,58.237266540527344,60.548316955566406,58.20498275756836,59.51502990722656,59.51502990722656,2580790979.0,59.51502990722656,0.9869535307635702,61.80653316518945,58.08431243360454,49.60988742015401,50.20813953451914,80.88898098218387
2020-11-12,59.514549255371094,60.44973373413086,58.30534744262695,60.365379333496094,60.365379333496094,2506731801.0,60.365379333496094,1.0010551009038815,68.45221165857251,60.693285473938204,49.7040449048652,50.20609578694383,80.88803931980917
2020-11-13,60.36493682861328,66.02117919921875,60.31187438964844,65.45719909667969,65.45719909667969,4324936978.0,65.45719909667969,1.0854940989371424,96.08744369104133,75.44872950493443,49.82159607267119,50.22260895297952,80.89057594020618
2020-11-14,65.45719909667969,65.83606719970703,61.9269905090332,63.77415084838867,63.77415084838867,2879859655.0,63.77415084838867,1.057583663309611,84.41146254829034,82.98370596596807,49.93602323271538,50.23894440637876,80.89053078046128
2020-11-15,63.77415466308594,64.14686584472656,61.234519958496094,62.27992248535156,62.27992248535156,2565763410.0,62.27992248535156,1.0328044779346663,74.04540072712722,84.84810232215297,50.04021462195558,50.24912107807316,80.882512258939
2020-11-16,62.2799186706543,71.99732208251953,62.17103576660156,71.32624816894531,71.32624816894531,5089779254.0,71.32624816894531,1.1828220968080445,96.70893170768575,85.05526499436779,50.191501033762115,50.28132113626558,80.88594353558265
2020-11-17,73.5011215209961,76.4345932006836,71.23477172851562,75.85234069824219,75.85234069824219,5781117491.0,75.85234069824219,1.2578794900298156,97.65485855463301,89.46973032981533,50.35899430155103,50.33351672969452,80.8916135274112
2020-11-18,75.84986114501953,76.44735717773438,69.62852478027344,73.69493865966797,73.69493865966797,6120728271.0,73.69493865966797,1.2221027196481744,87.45792757258673,93.94057261163516,50.513700995940326,50.38302619097984,80.89353648320726
2020-11-19,73.6956787109375,83.21234130859375,71.79660034179688,81.68367004394531,81.68367004394531,6615851204.0,81.68367004394531,1.3545819716677874,94.03331932235713,93.04870181652564,50.71868210672681,50.45533508405293,80.9021491499252
2020-11-20,81.68363189697266,85.17499542236328,80.26535034179688,82.5831527709961,82.5831527709961,6264878329.0,82.5831527709961,1.3694983323704109,90.60340403180291,90.69821697558227,50.93638948534356,50.542184672943534,80.91361477124637
2020-11-21,82.5831527709961,88.00359344482422,80.65087890625,86.41011810302734,86.41011810302734,6565673514.0,86.41011810302734,1.4329619137959053,94.75935592720207,93.1320264271207,51.167004444560064,50.64847119997626,80.92687259656654
2020-11-22,86.41011810302734,87.64380645751953,79.6460952758789,82.70420837402344,82.70420837402344,6285046852.0,82.70420837402344,1.37150582955243,82.57130798808046,89.31135598236182,51.37832187173145,50.74161563507498,80.93553087243207
2020-11-23,82.70428466796875,90.16441345214844,81.18516540527344,89.03931427001953,89.03931427001953,7198913664.0,89.03931427001953,1.4765625713798463,96.5452696439193,91.29197785306728,51.632914329487114,50.8629994379331,80.94564138786978
2020-11-24,89.03275299072266,93.57601928710938,86.8316650390625,89.20537567138672,89.20537567138672,7748145325.0,89.20537567138672,1.4793164116561324,87.64343925269931,88.92000562823303,51.88569709902904,50.98183515888371,80.94599615819922
2020-11-25,89.20350646972656,90.41155242919922,79.86409759521484,81.880126953125,81.880126953125,6033297331.0,81.880126953125,1.3578398687142987,66.83961001493078,83.6761063038498,52.10126032594775,51.07664826798113,80.94230056309809
2020-11-26,81.87519836425781,83.07267761230469,65.22534942626953,70.86572265625,70.86572265625,8965913476.0,70.86572265625,1.1751850800499273,31.72739987495407,62.070149714194734,52.24882476056209,51.13926996204951,80.92336268490308
2020-11-27,70.88436889648438,73.46366119384766,65.95252227783203,69.12387084960938,69.12387084960938,5874999214.0,69.12387084960938,1.1462994894132312,24.393893464714505,40.986967784866465,52.38196778427708,51.19972728049918,80.89878740876777
2020-11-28,69.13182830810547,74.83356475830078,68.55299377441406,72.69296264648438,72.69296264648438,4784394518.0,72.69296264648438,1.2054866855893245,35.42953457896966,30.516942639546087,52.53519454289004,51.26497058084566,80.88702664484173
2020-11-29,72.69962310791016,80.78340148925781,71.73285675048828,79.23506927490234,79.23506927490234,5314384738.0,79.23506927490234,1.3139761754814376,54.335432136615424,38.05295339343321,52.70839912122716,51.35198329246207,80.87872012935273
2020-11-30,79.21046447753906,88.12899780273438,77.0670166015625,87.57463073730469,87.57463073730469,6812463307.0,87.57463073730469,1.4522733357646147,78.83158112572757,56.19884928043755,52.93781303447452,51.46119825284775,80.86828262294264
2020-12-01,87.57659912109375,92.27677917480469,81.314208984375,85.4357681274414,85.4357681274414,9818290618.0,85.4357681274414,1.4168040096479455,71.28727046089335,68.15142790774546,53.14169574174725,51.56974277757619,80.85472259695672
2020-12-02,85.43756103515625,90.10536193847656,83.39522552490234,88.85651397705078,88.85651397705078,7713268210.0,88.85651397705078,1.47353114562317,83.35310829259261,77.82398662640452,53.376302291786736,51.688852122058606,80.84339247228893
2020-12-03,88.87646484375,91.12335205078125,85.80731964111328,89.09896850585938,89.09896850585938,6014261404.0,89.09896850585938,1.4775518333995228,84.20830688225095,79.61622854524565,53.60540652665936,51.80914258042427,80.82956869917918
2020-12-04,89.10392761230469,89.60210418701172,78.76920318603516,80.01707458496094,80.01707458496094,5444117736.0,80.01707458496094,1.3269443770103841,52.174164601037845,73.24519325862714,53.78234356739482,51.90425336132311,80.80913040823043
2020-12-05,80.00739288330078,84.1685562133789,79.15448760986328,83.11872863769531,83.11872863769531,4517680975.0,83.11872863769531,1.3783799290604324,63.114484769693256,66.49898541766069,53.979423251959794,52.00685228844212,80.79339226326442
2020-12-06,83.11591339111328,85.03716278076172,80.60243225097656,83.55533599853516,83.55533599853516,3454805957.0,83.55533599853516,1.385620304760654,64.65450961913402,59.98105299662171,54.18064390505598,52.11072857477894,80.77993376048188
2020-12-07,83.54549407958984,86.72644805908203,81.9332275390625,83.62406158447266,83.62406158447266,4312326196.0,83.62406158447266,1.3867599993857016,64.89692218389824,64.22197219090852,54.38258957993138,52.21393711142344,80.74228815400981
2020-12-08,83.61647033691406,84.71400451660156,75.97650146484375,76.7486572265625,76.7486572265625,4230876095.0,76.7486572265625,1.272743344818874,42.597777298321766,57.38306970045135,54.54802501657621,52.30108619062868,80.67060473193861
2020-12-09,76.7384033203125,78.09993743896484,72.61898040771484,77.41098022460938,77.41098022460938,4239672634.0,77.41098022460938,1.2837268228150582,45.046161743076446,50.84695374176548,54.71929041544596,52.39085807800293,80.60553713062582
2020-12-10,77.4122085571289,77.57532501220703,73.47132873535156,74.82955932617188,74.82955932617188,3007098971.0,74.82955932617188,1.2409184351847196,33.72189035794101,40.45527646644641,54.87311326740869,52.47547139729539,80.47825544696964
2020-12-11,74.82575225830078,74.85487365722656,70.23130798339844,72.08733367919922,72.08733367919922,3761860017.0,72.08733367919922,1.1954433797466402,14.897875044540578,31.22197571518602,55.029247825914396,52.55219787702168,80.25535895116798
2020-12-12,72.0787124633789,77.51998138427734,72.0787124633789,76.70689392089844,76.70689392089844,2966684035.0,76.70689392089844,1.2720507728409087,29.37376970207064,25.997845034850744,55.20344914504088,52.64057133818326,80.04906206000341
2020-12-13,76.71316528320312,83.8890151977539,75.6593017578125,82.00064086914062,82.00064086914062,3845040543.0,82.00064086914062,1.3598383829568887,53.38662432549911,32.552756357370114,55.405121725113666,52.74544381442135,79.86885442341844
2020-12-14,82.02944946289062,82.87445831298828,79.42679595947266,82.3631591796875,82.3631591796875,3459910049.0,82.3631591796875,1.3658501202796864,55.03103603890441,45.93047668882472,55.6142945836802,52.85121458393254,79.6703011517111
2020-12-15,82.36437225341797,84.70834350585938,80.69972229003906,81.40067291259766,81.40067291259766,3727495996.0,81.40067291259766,1.3498889551572535,53.46228876970977,53.95998304470444,55.819138177757054,52.963615715340396,79.47160588965568
2020-12-16,81.41154479980469,92.8460693359375,79.03235626220703,92.78968811035156,92.78968811035156,6152647270.0,92.78968811035156,1.5387560157781592,99.7506883901757,69.4146710662633,56.08641921496782,53.11623560761752,79.26527775629471
2020-12-17,92.79939270019531,109.2346420288086,91.14077758789062,100.9595718383789,100.9595718383789,11165000706.0,100.9595718383789,1.6742393651753398,78.78368505421787,77.33222073803445,56.39749689571193,53.281115132162014,79.03023079127482
2020-12-18,100.98905181884766,112.2507553100586,99.55088806152344,109.38450622558594,109.38450622558594,10096427749.0,109.38450622558594,1.8139522873206708,93.17875586941834,90.57104310460397,56.75719293479711,53.47142803766956,78.81025957255603
2020-12-19,109.36553192138672,123.75543212890625,105.6860122680664,120.55890655517578,120.55890655517578,9859343632.0,120.55890655517578,1.999260332643776,94.02787878407769,88.66343990257131,57.18276164570793,53.69134241914096,78.6330339144354
2020-12-20,120.49281311035156,122.73542022705078,110.77295684814453,114.6659927368164,114.6659927368164,8652067110.0,114.6659927368164,1.901536579356894,83.01805113638146,90.0748952632925,57.57248393824843,53.895915467771765,78.44783207619027
2020-12-21,114.6683120727539,118.01512908935547,101.59909057617188,105.0053939819336,105.0053939819336,9903839433.0,105.0053939819336,1.741332307170785,64.96899585689658,80.67164192578524,57.91083339003266,54.06862835296213,78.30178037495374
2020-12-22,104.95057678222656,114.02957153320312,98.86866760253906,113.68036651611328,113.68036651611328,11221164987.0,113.68036651611328,1.885191678244478,81.1765894843913,76.38787882588979,58.290573078426505,54.2681705265829,78.1423414482918
2020-12-23,113.67897033691406,116.88765716552734,96.26966094970703,101.81706237792969,101.81706237792969,12287537836.0,101.81706237792969,1.6884593582917884,59.012183569158296,68.38592297014873,58.6055336415442,54.43567476141943,77.98328852718824
2020-12-24,101.89503479003906,111.93286895751953,99.60633087158203,111.56539916992188,111.56539916992188,10108653753.0,111.56539916992188,1.8501186136248833,77.22516126402142,72.47131143919034,58.98106136217795,54.63001951975365,77.83550349022156
2020-12-25,111.51172637939453,128.02589416503906,108.58560943603516,126.98359680175781,126.98359680175781,11678543063.0,126.98359680175781,2.1058026755244015,98.1369975545161,78.12478079589862,59.442373202798144,54.86760187540969,77.68982275871382
2020-12-26,127.07919311523438,134.73513793945312,125.13356018066406,129.45919799804688,129.45919799804688,12680207148.0,129.45919799804688,2.1468562269592018,91.06920818660221,88.81045566837992,59.91307491031501,55.10946769714356,77.55948959594448
2020-12-27,129.4566192626953,138.31971740722656,123.09740447998047,127.5169677734375,127.5169677734375,14103307412.0,127.5169677734375,2.1146477078553376,81.77900074289856,90.32840216133896,60.38280937319896,55.34145248099549,77.44769687913869
2020-12-28,127.58830261230469,136.18507385253906,127.07134246826172,130.0503387451172,130.0503387451172,10248729547.0,130.0503387451172,2.156659270802223,86.05203790082324,86.30008227677467,60.867192273582916,55.578109140265475,77.34226157305991
2020-12-29,130.03326416015625,130.60858154296875,121.18720245361328,129.04080200195312,129.04080200195312,9160551332.0,129.04080200195312,2.1399178551521847,84.34925214064293,84.06009692812158,61.34363910278987,55.81452959139053,77.26014084663565
2020-12-30,129.06185913085938,132.4501190185547,123.44434356689453,129.46607971191406,129.46607971191406,8127317345.0,129.46607971191406,2.146970348246035,81.23391977603553,83.87840327250056,61.82450406017199,56.055970706678416,77.16641489838901
2020-12-31,129.48028564453125,130.16624450683594,123.03648376464844,124.69032287597656,124.69032287597656,6274573135.0,124.69032287597656,2.067772705589311,67.58769029235691,77.72362073634513,62.27800721548945,56.282470990533696,77.0711247779463
2021-01-01,124.67276763916016,133.18576049804688,123.32807922363281,126.2303466796875,126.2303466796875,7326980728.0,126.2303466796875,2.0933113289068452,71.25004876092812,73.35721960977354,62.74109253596738,56.5192034107365,76.95290225825897
2021-01-02,126.27296447753906,140.37257385253906,123.69361877441406,136.94488525390625,136.94488525390625,10532067985.0,136.94488525390625,2.270993364735641,92.227976854534,77.02190530260636,63.26426056825398,56.7781878275414,76.85388571856772
2021-01-03,136.94940185546875,163.8986358642578,135.7399139404297,160.19058227539062,160.19058227539062,15385661271.0,160.19058227539062,2.6564829257117064,94.51706373850512,85.99836311798909,63.909747181042945,57.09836310295209,76.7797492684839
2021-01-04,160.2711639404297,173.02781677246094,143.62396240234375,154.8073272705078,154.8073272705078,13659785704.0,154.8073272705078,2.567210979745254,76.26247099522952,87.66917052942289,64.5283769701348,57.40316891082345,76.69348107777775
2021-01-05,154.89755249023438,162.85018920898438,147.4000701904297,158.5947723388672,158.5947723388672,10192818976.0,158.5947723388672,2.6300191861532367,81.19672850540884,83.99208774638116,65.15477740178343,57.71215088204162,76.56758223058971
2021-01-06,158.6659698486328,169.65745544433594,155.45286560058594,169.0169219970703,169.0169219970703,10743884477.0,169.0169219970703,2.802852459014634,94.53716480104278,83.99878810056038,65.84165539767572,58.04802030275946,76.45851002349157
2021-01-07,169.06822204589844,180.87338256835938,162.80654907226562,169.61595153808594,169.61595153808594,13099581396.0,169.61595153808594,2.8127863248206104,84.42692236532659,86.72027189059274,66.52151991630512,58.387642727159474,76.37983691942746
2021-01-08,169.6415252685547,181.76663208007812,151.65025329589844,173.27987670898438,173.27987670898438,14705614969.0,173.27987670898438,2.8735461679981844,85.99069779391549,88.3182616534283,67.22503040918235,58.73850285255746,76.31247881362427
2021-01-09,173.25375366210938,179.09007263183594,164.15248107910156,177.4839324951172,177.4839324951172,11136779198.0,177.4839324951172,2.94326314046915,92.93043924089707,87.78268646671306,67.95310590566834,59.091260669655995,76.24578103017589
2021-01-10,177.47718811035156,185.7803497314453,163.7847900390625,171.11483764648438,171.11483764648438,12774461582.0,171.11483764648438,2.837642750822619,77.29556043788867,85.40556582423375,68.64402262369792,59.4250992187082,76.19258362408642
2021-01-11,171.09483337402344,171.09483337402344,114.95645904541016,139.25222778320312,139.25222778320312,17994263494.0,139.25222778320312,2.3092566380553436,34.30448186685617,68.17682718188064,69.16105064016874,59.66666494395635,76.10344775648421
2021-01-12,139.07998657226562,146.7163848876953,128.9265899658203,132.6359100341797,132.6359100341797,11898878222.0,132.6359100341797,2.1995364854614277,24.962552632335846,45.520864979026896,69.64583814860693,59.89379409894551,75.98787051161675
2021-01-13,132.658935546875,147.87789916992188,126.86204528808594,147.4213409423828,147.4213409423828,8421748673.0,147.4213409423828,2.4447272089048857,45.838885131135534,35.03530654344252,70.2120593336762,60.13747384580847,75.90453383389129
2021-01-14,147.37974548339844,156.56692504882812,144.1827850341797,152.08457946777344,152.08457946777344,8271411810.0,152.08457946777344,2.5220589305658057,52.42315843244699,41.07486539863947,70.80662559550969,60.39509502567657,75.83084486347356
2021-01-15,152.1115264892578,155.1172332763672,132.19332885742188,144.237548828125,144.237548828125,8416625031.0,144.237548828125,2.3919295395887112,41.343520525466424,46.535188029682985,71.3651070725071,60.63240815776668,75.79057687733271
2021-01-16,144.1881866455078,152.06082153320312,140.00201416015625,144.2654266357422,144.2654266357422,7183807955.0,144.2654266357422,2.392391844668632,41.38288267762602,45.04985387851315,71.92441096071337,60.85919802417494,75.75199187291811
2021-01-17,144.22483825683594,146.82423400878906,137.0695037841797,142.43081665039062,142.43081665039062,6098835633.0,142.43081665039062,2.3619680205448876,38.792499732576516,40.50630097855632,72.47088610539672,61.08665602697085,75.70595882363516
2021-01-18,142.4346466064453,154.52569580078125,138.81143188476562,152.1440887451172,152.1440887451172,6640211538.0,152.1440887451172,2.523045788700283,52.50718273098145,44.227521713728,73.06974598618804,61.34513108240415,75.66868036174338
2021-01-19,152.1975555419922,165.92430114746094,150.48788452148438,153.4874267578125,153.4874267578125,9314780275.0,153.4874267578125,2.5453227193630963,54.403912774591134,48.56786507938304,73.67909907773544,61.608923313715685,75.61614102054405
2021-01-20,153.35609436035156,156.13848876953125,139.0926971435547,149.93142700195312,149.93142700195312,9002037330.0,149.93142700195312,2.4863526319765876,49.3830084986269,52.098034668066504,74.26005687609397,61.86175494781912,75.57916423675677
2021-01-21,149.944091796875,149.944091796875,126.23419952392578,130.1334991455078,130.1334991455078,8703006148.0,130.1334991455078,2.158038341785018,21.429266244886232,41.738729172701426,74.72561635085142,62.05840912387796,75.5336167514052
2021-01-22,130.07383728027344,141.0155029296875,123.64692687988281,137.27145385742188,137.27145385742188,8550579025.0,137.27145385742188,2.276408938528995,31.507722317790886,34.10666568710135,75.23065118841787,62.284823352343416,75.4965979815618
2021-01-23,137.19769287109375,142.33926391601562,135.1113739013672,137.75099182128906,137.75099182128906,5380627901.0,137.75099182128906,2.2843612438090504,32.18480735113506,28.373931971270736,75.74195419895193,62.5128211713817,75.45802628504087
2021-01-24,137.73870849609375,142.65240478515625,134.4783935546875,141.47731018066406,141.47731018066406,4972171240.0,141.47731018066406,2.346155769784542,47.241929344107206,36.97815300434439,76.24836153541106,62.75331301231907,75.42259734166812
2021-01-25,141.4382781982422,147.15028381347656,137.0099334716797,137.44419860839844,137.44419860839844,6344860290.0,137.44419860839844,2.2792736105649993,32.63511977160924,37.35395215561718,76.73724394417852,62.97586502179708,75.38671625041526
2021-01-26,137.43292236328125,139.5409698486328,128.8664093017578,134.75526428222656,134.75526428222656,5897389103.0,134.75526428222656,2.2346822992383717,26.274899032370996,35.38398271602915,77.18426709618073,63.18406227320841,75.34458772319637
2021-01-27,134.75144958496094,134.86264038085938,118.78751373291016,122.94947052001953,122.94947052001953,6281091792.0,122.94947052001953,2.038903689108463,8.829530002769365,22.579849602249876,77.55243247193717,63.354685979346705,75.27982467755879
2021-01-28,122.94125366210938,135.79153442382812,121.5363540649414,133.4869384765625,133.4869384765625,5828235786.0,133.4869384765625,2.2136493159060944,31.184613016530566,22.096347350556982,77.98038292973419,63.55580653883006,75.23582735976127
2021-01-29,138.21852111816406,144.95843505859375,132.16175842285156,135.0125732421875,135.0125732421875,8878892082.0,135.0125732421875,2.238949321987523,34.42122469353689,24.811789237612278,78.40863135082475,63.738966834708435,75.2081895262139
2021-01-30,134.99925231933594,135.9033966064453,128.91656494140625,133.4000244140625,133.4000244140625,6332391807.0,133.4000244140625,2.212207996948663,31.0002261135038,32.20202127452376,78.82066351468445,63.91847513799798,75.18083703898948
2021-01-31,133.41802978515625,134.70370483398438,126.25299072265625,129.57081604003906,129.57081604003906,4539387378.0,129.57081604003906,2.148707218562715,22.876616966476124,29.43268925783895,79.1937651087026,64.0794362368649,75.16921495585682
2021-02-01,129.57460021972656,136.13021850585938,126.35044860839844,131.95193481445312,131.95193481445312,5607159828.0,131.95193481445312,2.188193942928622,27.92812536367128,27.268322814550412,79.6052978390553,64.24853319664524,75.1697381860045
2021-02-02,131.95291137695312,145.5329132080078,131.95291137695312,142.50697326660156,142.50697326660156,7552216052.0,142.50697326660156,2.363230945916471,63.504257948916866,38.10300009302143,80.06452226899361,64.44778457537089,75.1535345086224
2021-02-03,142.4767303466797,155.89230346679688,142.16775512695312,155.61203002929688,155.61203002929688,8586975076.0,155.61203002929688,2.5805555790883123,99.24464350961128,63.55900894073315,80.60047295575585,64.68728115656604,75.16046330874369
2021-02-04,155.65647888183594,158.08877563476562,142.41409301757812,145.148193359375,145.148193359375,7811659280.0,145.148193359375,2.407030999451686,67.073366988301,76.60742281560972,81.07116959785503,64.88633619857161,75.17856211379238
2021-02-05,145.150634765625,156.53530883789062,144.31817626953125,154.8522186279297,154.8522186279297,7359451680.0,154.8522186279297,2.567955425035416,91.76475041712811,86.02758697168014,81.59405459211172,65.1095239560898,75.18939427937546
2021-02-06,154.8540802001953,163.43093872070312,150.5127716064453,155.71473693847656,155.71473693847656,8323878876.0,155.71473693847656,2.5822587950122005,82.71592785648406,80.51801508730439,82.1321376738001,65.33242428400744,75.20538673052505
2021-02-07,155.66954040527344,157.12864685058594,145.66253662109375,151.14007568359375,151.14007568359375,6884924123.0,151.14007568359375,2.5063959737283676,72.46881698599488,82.31649841986902,82.64039378348595,65.53700649836291,75.20691556364434
2021-02-08,151.10751342773438,168.2659454345703,148.1227264404297,167.21905517578125,167.21905517578125,8863883926.0,167.21905517578125,2.773037956528793,97.88414825857559,84.3562977003515,83.24192397320857,65.7839283407551,75.20990100494802
2021-02-09,167.2139892578125,183.6444854736328,164.6878204345703,182.11447143554688,182.11447143554688,10156352233.0,182.11447143554688,3.0200525962372025,97.64094129432617,89.33130217963223,83.91856674027574,66.07921429464263,75.23412152468886
2021-02-10,181.98745727539062,194.1829833984375,172.2554473876953,182.1743927001953,182.1743927001953,12820808289.0,182.1743927001953,3.0210462864664565,83.46985839753856,92.99831598348011,84.61685935265379,66.3684663380662,75.26442690113363
2021-02-11,182.062744140625,192.5048828125,176.55453491210938,184.49600219726562,184.49600219726562,9278994121.0,184.49600219726562,3.0595461526978864,85.7397582134209,88.95018596842856,85.32465944133821,66.65120210516943,75.28536754764923
2021-02-12,184.38714599609375,199.4168701171875,178.12335205078125,197.23170471191406,197.23170471191406,10839370443.0,197.23170471191406,3.270745686381739,97.01332758274054,88.7409813979,86.086901993048,66.97127957801297,75.31977640961948
2021-02-13,197.2343292236328,228.38446044921875,192.91964721679688,226.22760009765625,226.22760009765625,16565513036.0,226.22760009765625,3.751592312405772,97.88815302733126,93.5470796078309,87.0129920250731,67.36371040344238,75.33152856173581
2021-02-14,226.28587341308594,229.2051544189453,210.10166931152344,214.43026733398438,214.43026733398438,12902511399.0,214.43026733398438,3.555954013259343,85.63518609233542,93.51222223413576,87.85726774455419,67.74156526016863,75.32148680142616
2021-02-15,214.3249969482422,219.6385040283203,192.12124633789062,207.68101501464844,207.68101501464844,13482646966.0,207.68101501464844,3.4440293714173333,77.8677193131648,87.13035281094385,88.64335776157067,68.10465684133034,75.30099093119303
2021-02-16,207.61044311523438,221.0515899658203,201.29598999023438,210.54656982421875,210.54656982421875,12666436004.0,210.54656982421875,3.49154962707898,78.56256649841876,80.68849063463966,89.42761203369808,68.48080825283103,75.28371382935407
2021-02-17,210.56903076171875,236.97352600097656,204.24293518066406,236.97352600097656,236.97352600097656,13792789978.0,236.97352600097656,3.9297948526403674,100.0,85.47676193719452,90.36447537531618,68.91899550450991,75.30310883717995
2021-02-18,236.94924926757812,238.1966094970703,221.5928955078125,226.8695526123047,226.8695526123047,7889078633.0,226.8695526123047,3.762237981271309,87.9343354002175,88.83230063287878,91.26537660692559,69.34566293481278,75.30659061414467
2021-02-19,226.8992919921875,241.16128540039062,220.95677185058594,236.67601013183594,236.67601013183594,7151082978.0,236.67601013183594,3.924861068049076,95.30331514717496,94.41255018246416,92.21460750975895,69.80333735322299,75.31008377597756
2021-02-20,236.6549072265625,245.95751953125,216.64166259765625,227.61988830566406,227.61988830566406,8208699025.0,227.61988830566406,3.77468099714433,81.71630255721495,88.31798436820247,93.13395651311822,70.22571808801938,75.32311380638924
2021-02-21,227.51962280273438,233.1479949951172,220.98374938964844,227.23135375976562,227.23135375976562,6934669818.0,227.23135375976562,3.768237825688383,80.85940064890737,85.95967278443243,94.04608873461113,70.64242568865214,75.35226755534133
2021-02-22,227.22381591796875,227.23480224609375,182.52764892578125,208.10679626464844,208.10679626464844,9523044215.0,208.10679626464844,3.4510902148492444,53.425786378790754,72.00049652830437,94.85200969508436,70.99467266030507,75.35116964714712
2021-02-23,208.1234130859375,208.3696746826172,159.68467712402344,176.93492126464844,176.93492126464844,10944696472.0,176.93492126464844,2.9341587415772294,19.994987598994477,51.42672487556421,95.4789796214286,71.27247896063818,75.32150108476752
2021-02-24,176.96676635742188,189.16546630859375,169.78900146484375,181.3784942626953,181.3784942626953,7205360252.0,181.3784942626953,3.0078476915191916,25.1455922088116,32.85545539553229,96.15000600762706,71.57439197383515,75.28579650774394
2021-02-25,181.3854217529297,204.74383544921875,176.0321502685547,178.90184020996094,178.90184020996094,7327999233.0,178.90184020996094,2.9667766802866278,22.2748695298902,22.471816445898767,96.80871456959208,71.89737151159,75.24738539778478
2021-02-26,179.12852478027344,182.0758514404297,163.2482452392578,170.3981475830078,170.3981475830078,7875998386.0,170.3981475830078,2.825757689356398,12.418126214521212,19.94619598440768,97.43361693001836,72.19570099817564,75.2051928393917
2021-02-27,170.43142700195312,179.92987060546875,167.90878295898438,172.10044860839844,172.10044860839844,4991079437.0,172.10044860839844,2.8539873988944877,14.39128599214323,16.361427245518225,98.06064449372839,72.50347220538414,75.17706995750672
2021-02-28,172.10218811035156,172.64617919921875,154.79978942871094,164.9271697998047,164.9271697998047,5945000101.0,164.9271697998047,2.735031013283507,11.109732942781632,12.639715049815367,98.64881628067766,72.7949349651598,75.13613586599968
2021-03-01,164.98313903808594,176.35516357421875,163.9664306640625,175.23789978027344,175.23789978027344,4627257694.0,175.23789978027344,2.906016584068506,22.42060034686321,15.973873093929365,99.26363900189843,73.11625335379823,75.10205540940098
2021-03-02,175.20968627929688,184.73049926757812,171.1996307373047,177.8724365234375,177.8724365234375,5247274825.0,177.8724365234375,2.9497058058440024,25.310686289328643,19.613673192991172,99.9016643586706,73.43646400660684,75.07212794926613
2021-03-03,177.974365234375,196.25894165039062,177.3665008544922,188.52566528320312,188.52566528320312,6392122021.0,188.52566528320312,3.126371124753739,36.99727474187382,28.242853792688564,100.58823744977107,73.78545356123415,75.04904728197072
2021-03-04,188.45831298828125,194.2318572998047,177.32473754882812,181.07864379882812,181.07864379882812,5488598135.0,181.07864379882812,3.0028751917241627,28.82789461799601,30.37861854973283,101.26025382286863,74.11612814811811,75.021562022379
2021-03-05,181.0399627685547,183.10256958007812,169.32713317871094,180.76560974121094,180.76560974121094,4560793618.0,180.76560974121094,2.9976840648962653,28.48449635954325,31.436555239804363,101.98698331488937,74.44138883303289,75.00710048065882
2021-03-06,180.70632934570312,184.33958435058594,175.39544677734375,182.98190307617188,182.98190307617188,3799599706.0,182.98190307617188,3.034437445270218,35.97033709160625,31.094242689715177,102.71031624632455,74.77003623753377,75.00449125559906
2021-03-07,182.99069213867188,191.77023315429688,182.42234802246094,190.7591094970703,190.7591094970703,3541357558.0,190.7591094970703,3.1634089227028594,49.6435614072673,38.03279828613894,103.49266473321967,75.12678363225231,75.01750322629327
2021-03-08,190.77127075195312,194.6191864013672,180.06842041015625,191.9276885986328,191.9276885986328,4401225306.0,191.9276885986328,3.1827877799774247,69.30740843282757,51.64043564390038,104.27886208289308,75.51089072554079,75.02184997454081
2021-03-09,191.94004821777344,204.75062561035156,189.41970825195312,203.6378631591797,203.6378631591797,5408294951.0,203.6378631591797,3.3769807115176658,97.77228463778776,72.2410848259609,105.12513397300178,75.93135569846794,75.04550830196573
2021-03-10,203.64158630371094,207.39239501953125,192.58245849609375,200.51686096191406,200.51686096191406,6296082804.0,200.51686096191406,3.325224304053639,86.92680467077435,84.66883258046323,105.96192665308551,76.34302822269805,75.05607529905834
2021-03-11,200.4497528076172,203.16783142089844,191.53683471679688,201.25033569335938,201.25033569335938,4823154653.0,201.25033569335938,3.337387710121892,88.32143937883934,91.00684289580049,106.79991921179933,76.76162151702462,75.07709478961823
2021-03-12,201.27366638183594,223.61497497558594,198.95384216308594,220.82940673828125,220.82940673828125,8079722567.0,220.82940673828125,3.6620726397435113,95.95210241000188,90.40011548653854,107.7404249639459,77.28189144395802,75.11823397597222
2021-03-13,220.86453247070312,229.3739776611328,213.61134338378906,226.5782928466797,226.5782928466797,6378541696.0,226.5782928466797,3.757407943304411,96.25113610926618,93.50822596603581,108.71030769973505,77.80008415326681,75.17803059233923
2021-03-14,226.50550842285156,227.8301239013672,215.2960968017578,215.2960968017578,215.2960968017578,4537627844.0,215.2960968017578,3.570312293034892,78.47667202684491,90.22663684870433,109.60909973728201,78.29569924759538,75.22444164154192
2021-03-15,215.22727966308594,221.6864013671875,198.75254821777344,201.26461791992188,201.26461791992188,6186375403.0,201.26461791992188,3.3376245560741666,53.187615463390955,75.9718078665007,110.44625045692986,78.74728151086259,75.25714905795441
2021-03-16,201.1912078857422,204.86439514160156,192.19180297851562,201.04063415527344,201.04063415527344,5270029739.0,201.04063415527344,3.3339101738803225,52.81460041725643,61.49296263583077,111.27658112322698,79.20800594173066,75.30105009906369
2021-03-17,201.0641632080078,206.2874298095703,195.02586364746094,206.06793212890625,206.06793212890625,4362001168.0,206.06793212890625,3.417279189959318,61.18689377749204,55.729703219379815,112.13820862900364,79.68061981201171,75.34853313742163
2021-03-18,206.03314208984375,208.09637451171875,200.10302734375,200.5373077392578,200.5373077392578,3719561575.0,200.5373077392578,3.3255633783870238,51.97637749254809,55.32595722909886,112.97210958095197,80.1377516759585,75.38451058897253
2021-03-19,200.4992218017578,205.34371948242188,196.9537811279297,201.063720703125,201.063720703125,2807932048.0,201.063720703125,3.33429302422839,47.55274644477217,53.57200590493744,113.80373063634653,80.58155977432043,75.41395964774911
2021-03-20,201.0334014892578,206.6977081298828,200.1773681640625,200.80642700195312,200.80642700195312,2529075165.0,200.80642700195312,3.3300262545197863,42.06018093708115,47.196434958133814,114.636209394111,81.02724326146792,75.44295912267955
2021-03-21,200.8138427734375,202.84861755371094,193.4961395263672,196.42774963378906,196.42774963378906,2758761604.0,196.42774963378906,3.2574134860254986,33.17948348166939,40.93080362117425,115.44359146701834,81.46035400808674,75.47287305196126
2021-03-22,196.42990112304688,198.90126037597656,186.6174774169922,187.0778350830078,187.0778350830078,3115325434.0,187.0778350830078,3.102361372423003,1.0766963231016848,25.43878691395075,116.20849478049357,81.87528491085523,75.49044915639102
2021-03-23,187.06910705566406,189.95790100097656,182.69422912597656,187.3939666748047,187.3939666748047,3047428308.0,187.3939666748047,3.1076038664820023,10.068043844084931,14.774741216285344,116.99540049651932,82.28248546025524,75.51580346686654
2021-03-24,187.33908081054688,197.33694458007812,175.8431396484375,177.6549530029297,177.6549530029297,4051272249.0,177.6549530029297,2.946099218923309,3.3846160862688155,4.8431187511518194,117.7227770279014,82.65827808118846,75.53184999962376
2021-03-25,177.58641052246094,179.12672424316406,169.63616943359375,173.06118774414062,173.06118774414062,3429325350.0,173.06118774414062,2.8699195908742543,5.733418101817712,6.395359344057162,118.43317865673961,83.02515469903815,75.55362186693165
2021-03-26,173.02218627929688,184.43907165527344,172.74221801757812,184.27867126464844,184.27867126464844,3109769980.0,184.27867126464844,3.055942096182666,24.511280653756078,11.209771613947545,119.19404649995064,83.41999873331149,75.5979137978053
2021-03-27,184.2672882080078,186.5439453125,179.1182098388672,184.8304443359375,184.8304443359375,2408040965.0,184.8304443359375,3.065092295413649,26.109713700171405,18.784804151915072,119.95221116112882,83.81975755038327,75.64639183462482
2021-03-28,184.82435607910156,187.74563598632812,181.67015075683594,185.0284881591797,185.0284881591797,2162823815.0,185.0284881591797,3.0683765086770793,29.57204637478585,26.731013576237785,120.710897310184,84.22018147298735,75.7106379417524
2021-03-29,185.01560974121094,197.4888916015625,183.47500610351562,194.4747772216797,194.4747772216797,3353971422.0,194.4747772216797,3.225026826376334,64.58261919724755,40.08812642406827,121.52173383118676,84.65070814367843,75.77993180261899
2021-03-30,194.4708251953125,200.12115478515625,191.15234375,196.68209838867188,196.68209838867188,3604665752.0,196.68209838867188,3.261631418908473,70.32185319901228,54.82550625701524,122.34865490856066,85.08233501486582,75.85305974429056
2021-03-31,196.68894958496094,199.28268432617188,189.4910125732422,197.4990997314453,197.4990997314453,3416343750.0,197.4990997314453,3.2751799689326564,72.44613033459656,69.11686757695215,123.17763052351488,85.5157596640391,75.92819864804342
2021-04-01,197.5243682861328,205.4669952392578,195.9429931640625,204.11251831054688,204.11251831054688,3871809467.0,204.11251831054688,3.384852043822585,93.02460202604921,78.59752851988601,124.03960351996083,85.96707940297584,76.00564752343583
2021-04-02,204.05361938476562,214.403564453125,202.50856018066406,213.2283935546875,213.2283935546875,4095228243.0,213.2283935546875,3.5360230215105646,97.37494018152097,87.61522418072225,124.95170672474012,86.4420224856024,76.07757299588695
2021-04-03,213.1597442626953,218.240234375,197.14620971679688,197.14820861816406,197.14820861816406,4020429578.0,197.14820861816406,3.269361048506903,56.60439968907324,82.33464729888115,125.78353314842683,86.87158159229854,76.14947820689581
2021-04-04,197.10977172851562,206.21987915039062,195.53404235839844,204.04290771484375,204.04290771484375,2866830149.0,204.04290771484375,3.3836976728457935,70.78983686390926,74.92305891150116,126.64944099467961,87.31916337731766,76.22702333110652
2021-04-05,204.0477752685547,225.40084838867188,200.92845153808594,221.0690460205078,221.0690460205078,4789647554.0,221.0690460205078,3.666046641538887,92.23199622174172,73.20874425824142,127.60211279613725,87.81340695733894,76.3255749724227
2021-04-06,221.61463928222656,244.51747131347656,217.63345336914062,237.66490173339844,237.66490173339844,9267495720.0,237.66490173339844,3.941260119838615,90.84875742268699,84.623530169446,128.64747713432936,88.3429241650725,76.43644702684934
2021-04-07,237.5615692138672,243.15127563476562,212.22665405273438,219.42367553710938,219.42367553710938,8711169124.0,219.42367553710938,3.6387610262827805,66.48856904675591,83.18977423039489,129.59522655883123,88.8217070279056,76.5293718468653
2021-04-08,219.84661865234375,228.35366821289062,218.0843963623047,227.00302124023438,227.00302124023438,4532286410.0,227.00302124023438,3.7644513269385587,75.5982051348009,77.6451772014146,130.58070492353596,89.31672939143769,76.63166684538263
2021-04-09,227.0221710205078,228.96714782714844,220.10940551757812,221.86236572265625,221.86236572265625,3137324847.0,221.86236572265625,3.6792024726336576,65.3587745794103,69.14851625365571,131.53504364347197,89.79748935438182,76.72993110587063
2021-04-10,221.7160186767578,255.6759796142578,220.2007293701172,255.6201934814453,255.6201934814453,6686630635.0,255.6201934814453,4.23901748657856,99.92461927165228,80.29386632862116,132.67049303732284,90.38201094326908,76.85534589410372
2021-04-11,256.92132568359375,264.5142822265625,246.41282653808594,253.63446044921875,253.63446044921875,6786514965.0,253.63446044921875,4.206087548874339,86.57463109514421,83.95267498206893,133.78914529769148,90.9609571378525,76.96886137696706
2021-04-12,253.17601013183594,258.59661865234375,241.10438537597656,244.49436950683594,244.49436950683594,5220366581.0,244.49436950683594,4.05451499583779,73.31506236366687,86.60477091015446,134.84797845642424,91.5145025697473,77.07766537078439
2021-04-13,244.71218872070312,273.2527160644531,244.67002868652344,266.9814758300781,266.9814758300781,6908471654.0,266.9814758300781,4.427424646004745,92.51299821638294,84.13423055839802,136.02960501081955,92.13307005999839,77.20614708504176
2021-04-14,267.23248291015625,282.6783142089844,256.7626647949219,279.7484130859375,279.7484130859375,8215124752.0,279.7484130859375,4.6391421536889235,96.63787296533918,87.48864451512968,137.28538519437197,92.78702779273465,77.34103604843628
2021-04-15,279.3411560058594,290.79052734375,267.177734375,286.5906066894531,286.5906066894531,6470712244.0,286.5906066894531,4.752608065504548,95.59093466975742,94.9139352838265,138.57906889785184,93.4637443333456,77.48556171051443
2021-04-16,286.2806701660156,316.9685974121094,267.47308349609375,310.61273193359375,310.61273193359375,11850832933.0,310.61273193359375,5.1509733416895225,94.76601575580823,95.66494113030161,140.0059670411824,94.1977819050828,77.6478308777831
2021-04-17,309.556640625,335.0245361328125,300.6131286621094,304.7599182128906,304.7599182128906,13254117896.0,304.7599182128906,5.053914578960949,78.30345487996749,89.55346843517772,141.41070498273672,94.91563089449112,77.79829930170486
2021-04-18,304.64703369140625,307.30426025390625,238.33741760253906,273.09881591796875,273.09881591796875,13129808269.0,273.09881591796875,4.528870119661343,53.81988937111812,75.62978666896463,142.64592294745106,95.54230464778534,77.91409730432241
2021-04-19,273.6451416015625,281.3525390625,251.5144805908203,261.9192199707031,261.9192199707031,9384818110.0,261.9192199707031,4.343475914031881,40.46695682060996,57.530100357231866,143.81695942279418,96.14308401656477,78.01125001428335
2021-04-20,261.2803039550781,272.5924377441406,235.67340087890625,260.94134521484375,260.94134521484375,9446199109.0,260.94134521484375,4.327259557517494,39.670628138636694,44.65249144345493,144.98003281139935,96.74613322427828,78.11353982202539
2021-04-21,261.0679016113281,276.31024169921875,251.68423461914062,258.80560302734375,258.80560302734375,7698253801.0,258.80560302734375,4.291841978192748,34.822266114059246,38.31995035776864,146.13716163009894,97.34275092556052,78.21585178636525
2021-04-22,258.0594177246094,289.3291931152344,241.3014373779297,253.07835388183594,253.07835388183594,9862940091.0,253.07835388183594,4.196865486127923,28.68982368792356,34.394239313539835,147.23023826307286,97.92135624297677,78.30793064936111
2021-04-23,253.10479736328125,256.65618896484375,212.02816772460938,241.35877990722656,241.35877990722656,9252716255.0,241.35877990722656,4.002516681610543,23.846730242696346,29.11960668155972,148.2525962037467,98.46497697176999,78.37695144757832
2021-04-24,241.45779418945312,241.45779418945312,221.28370666503906,224.8357696533203,224.8357696533203,4567973779.0,224.8357696533203,3.7285112188836336,10.412991939895964,20.983181956838628,149.17935620500742,98.95819702148438,78.45007634445957
2021-04-25,224.92184448242188,235.20606994628906,212.28683471679688,223.6328582763672,223.6328582763672,3703413398.0,223.6328582763672,3.7085630203776394,9.434986334916738,14.564902839169688,150.0784669678068,99.44838318498168,78.51396114575809
2021-04-26,223.9871368408203,247.9586944580078,221.91038513183594,247.4059295654297,247.4059295654297,4935577761.0,247.4059295654297,4.102798168749552,28.763257239764833,16.20374517152585,151.1097846109359,100.00377179498543,78.60665605971802
2021-04-27,247.57827758789062,262.6161193847656,243.99539184570312,259.65228271484375,259.65228271484375,4605576124.0,259.65228271484375,4.3058826920814335,38.71993588638193,25.639393153687838,152.21856332997805,100.59265458616491,78.70469832224389
2021-04-28,259.79095458984375,266.3074951171875,248.5077362060547,258.5051574707031,258.5051574707031,4235575377.0,258.5051574707031,4.286859609816374,37.787286200064756,35.09015977540384,153.3152251113308,101.17478186202376,78.80047381152845
2021-04-29,258.5769958496094,262.5469665527344,249.2930450439453,255.58526611328125,255.58526611328125,3555940124.0,255.58526611328125,4.238438276765786,35.41332069587095,37.30684759410588,154.40726202042376,101.74027217708222,78.89828957509776
2021-04-30,255.45057678222656,273.2450256347656,252.8878173828125,271.1670837402344,271.1670837402344,3898872713.0,271.1670837402344,4.496835692454022,48.081839147765265,40.427482014567,155.58978240216365,102.35521207835576,79.01032526199131
2021-05-01,271.1426696777344,278.21942138671875,266.63140869140625,276.8335266113281,276.8335266113281,3611805752.0,276.8335266113281,4.59080381793785,68.01848938839663,50.50454974401095,156.80835340322693,102.98272392586486,79.12471478780111
2021-05-02,276.9604187011719,277.48345947265625,265.3357238769531,269.1043701171875,269.1043701171875,3118501264.0,269.1043701171875,4.4626291651886625,73.83628108961705,63.31220320859298,157.97509717680717,103.58449467698189,79.22302106221517
2021-05-03,269.00830078125,299.300537109375,268.7289733886719,294.7040100097656,294.7040100097656,5172505234.0,294.7040100097656,4.887154785315891,94.73312443329658,78.86263163710342,159.28174409709993,104.25966413315028,79.3380128573065
2021-05-04,294.7742614746094,326.888671875,275.4649658203125,306.2344970703125,306.2344970703125,11541253990.0,306.2344970703125,5.078367911371106,82.01803574042796,83.52914708778053,160.66107204833318,104.96859839452456,79.45533934466916
2021-05-05,305.1773986816406,359.5001525878906,301.4515686035156,356.0370788574219,356.0370788574219,13183539068.0,356.0370788574219,5.9042573381688355,97.65170738450472,91.46762251940976,162.3125335609978,105.81585817728957,79.6235923819346
2021-05-06,356.0221252441406,364.5176086425781,323.7054443359375,353.5103454589844,353.5103454589844,10441211171.0,353.5103454589844,5.862355847860027,92.78162270296797,90.81712194263355,163.94647477363628,106.65850880244007,79.79585845285355
2021-05-07,354.5068359375,372.2654113769531,333.99517822265625,346.2535705566406,346.2535705566406,11094872192.0,346.2535705566406,5.74201482437421,83.74042239695028,91.39125082814098,165.5179232612985,107.47747717034326,79.96630280551301
2021-05-08,345.296875,356.0328674316406,334.97576904296875,346.3687438964844,346.3687438964844,6775459938.0,346.3687438964844,5.743924774425245,83.8124153739152,86.7781534912778,167.0656698883557,108.29524847579329,80.13919207603419
2021-05-09,347.09002685546875,388.2327880859375,335.1734619140625,386.4507751464844,386.4507751464844,9835832552.0,386.4507751464844,6.408615732726516,98.9285791283662,88.82713896641057,168.85423343429147,109.2244994072065,80.35524848868313
2021-05-10,387.8691711425781,412.96014404296875,339.1389465332031,359.3293151855469,359.3293151855469,13240769672.0,359.3293151855469,5.958853366654684,68.25916165354529,83.66671871860889,170.48414747311116,110.09288759623489,80.55818210584388
2021-05-11,359.2580871582031,378.859130859375,345.298828125,377.3887939453125,377.3887939453125,8798204078.0,377.3887939453125,6.258338494251606,78.36982105307206,81.85252061166118,172.22198851121578,111.01258302453446,80.77325680005497
2021-05-12,377.6705322265625,393.1324768066406,303.0848693847656,303.0848693847656,303.0848693847656,8782996412.0,303.0848693847656,5.026136799840342,32.866608298068066,59.83186366822847,173.55995313717366,111.7275775125582,80.91800280183418
2021-05-13,310.1023864746094,332.0284729003906,292.2806701660156,316.9093322753906,316.9093322753906,9777636796.0,316.9093322753906,5.255391535695822,39.99536723702398,50.41059886272137,174.96647937962265,112.47764538281585,81.07251908289243
2021-05-14,317.5172119140625,338.0980529785156,308.7076721191406,326.2338562011719,326.2338562011719,6413801038.0,326.2338562011719,5.410022589827608,41.252072154277634,38.03801589645656,176.41931258654986,113.25103859052267,81.24270524847998
2021-05-15,326.3979187011719,331.5926208496094,297.5908508300781,299.77252197265625,299.77252197265625,5642887118.0,299.77252197265625,4.971207263913149,23.327304559080506,34.85824798346071,177.69972418696503,113.95497979987158,81.38928471569601
2021-05-16,299.8179626464844,323.7637939453125,280.37066650390625,296.6270446777344,296.6270446777344,5522282426.0,296.6270446777344,4.91904497941125,19.342608926007056,27.973995213121736,178.97214437182484,114.64926513253826,81.53892311723266
2021-05-17,296.0924377441406,296.4105529785156,262.739990234375,281.7693176269531,281.7693176269531,6426443389.0,281.7693176269531,4.672655349854676,12.667626087525349,18.445846524204303,180.17153997369152,115.30167193478101,81.67199372069476
2021-05-18,281.10333251953125,318.0450744628906,279.4114685058594,294.61932373046875,294.61932373046875,7572089848.0,294.61932373046875,4.885750410278366,21.221742015198235,17.743992342910214,181.39172071446487,115.98500960885661,81.81747254846303
2021-05-19,294.6055908203125,299.84759521484375,151.1724395751953,189.52017211914062,189.52017211914062,11449368854.0,189.52017211914062,3.142863295464685,14.648408572857932,16.179258891860503,182.01285640528945,116.37990428976816,81.86297225081213
2021-05-20,186.86627197265625,224.84767150878906,167.64004516601562,212.27613830566406,212.27613830566406,8294595618.0,212.27613830566406,3.520231520075098,23.340935302784906,19.73702863028036,182.7701307202949,116.84046322548227,81.93399246599031
2021-05-21,210.93597412109375,219.23480224609375,157.61199951171875,180.19703674316406,180.19703674316406,6827729891.0,180.19703674316406,2.9882552680227037,11.087074248569888,16.358806041404243,183.30845512848734,117.2170504426303,81.98104364578037
2021-05-22,180.5387420654297,184.3743133544922,163.06649780273438,169.5945587158203,169.5945587158203,5184597505.0,169.5945587158203,2.8124315619732934,7.037045218788264,13.821684923381019,183.78392729212027,117.56057641016294,82.02696196151106
2021-05-23,169.68450927734375,176.4557342529297,118.64244079589844,143.5193634033203,143.5193634033203,6847843143.0,143.5193634033203,2.380019680148855,8.452404436758767,8.858841301372307,184.0959996708104,117.83314146277023,82.04605453177675
2021-05-24,142.80264282226562,184.1439971923828,140.40377807617188,183.99412536621094,183.99412536621094,5615445186.0,183.99412536621094,3.0512233960565815,23.808399576207186,13.099283077251405,184.64949648497534,118.22093661582633,82.10500624321367
2021-05-25,185.03749084472656,194.12405395507812,168.41075134277344,183.49789428710938,183.49789428710938,5221949811.0,183.49789428710938,3.0429942644177777,23.627616664625602,18.629473559197184,185.16566358889386,118.60600994580413,82.16456870335966
2021-05-26,183.976318359375,204.08950805664062,180.01719665527344,199.22433471679688,199.22433471679688,4409113332.0,199.22433471679688,3.3037899984133405,36.71899438773215,28.051670209521646,185.76686008640976,119.0355778315296,82.23875348687716
2021-05-27,199.2351837158203,208.4635009765625,181.08734130859375,193.12109375,193.12109375,4104509375.0,193.12109375,3.20257833422245,33.93791218796679,31.428174413441514,186.3747342219118,119.44450841407253,82.31320380119428
2021-05-28,193.99053955078125,198.48675537109375,166.2047576904297,177.32066345214844,177.32066345214844,4842770593.0,177.32066345214844,2.94055560661302,27.554906336050056,32.737270970583,186.95645520986756,119.80769188240782,82.36594595887345
2021-05-29,177.3782196044922,188.60699462890625,158.0443878173828,163.80810546875,163.80810546875,4442221955.0,163.80810546875,2.716473272584936,22.01899703730605,27.837271853774297,187.47385539904317,120.13414568966382,82.40820633178433
2021-05-30,163.80166625976562,180.2601776123047,156.3244171142578,170.9782257080078,170.9782257080078,3015850344.0,170.9782257080078,2.8353772788026257,26.246285693252958,25.273396355536352,188.01093333927008,120.4723363588934,82.45652069544683
2021-05-31,170.66888427734375,188.15899658203125,164.00938415527344,188.03367614746094,188.03367614746094,3347105582.0,188.03367614746094,3.1182123383870852,34.799558097837235,27.68828027613208,188.6054612456775,120.86258784254936,82.51872953127508
2021-06-01,188.1175537109375,193.0040283203125,176.29721069335938,182.98069763183594,182.98069763183594,2965166592.0,182.98069763183594,3.0344174550669814,35.50575426082406,32.18386601730475,189.12680587351647,121.23205486976937,82.57322605951735
2021-06-02,183.00299072265625,191.24441528320312,178.66116333007812,187.26397705078125,187.26397705078125,2808932742.0,187.26397705078125,3.105448214059538,64.61220016591321,44.972504174858166,189.68324417364403,121.61928901149803,82.62963151801122
2021-06-03,187.4100799560547,197.6842803955078,182.46522521972656,193.086181640625,193.086181640625,2854571398.0,193.086181640625,3.2019993774502233,74.00536161146262,58.04110534606664,190.25280519912803,122.01905144469379,82.6964654739589
2021-06-04,193.54904174804688,193.54904174804688,170.01918029785156,178.87200927734375,178.87200927734375,3123327190.0,178.87200927734375,2.9662819860166523,67.05506298890361,68.55754158875982,190.74336826345308,122.37859778208275,82.74867644462411
2021-06-05,178.7062225341797,185.43394470214844,168.1190948486328,173.02871704101562,173.02871704101562,2626658227.0,173.02871704101562,2.869381120589596,60.54958173030451,67.20333544355691,191.251628604743,122.72373633188744,82.79602413264584
2021-06-06,173.1466522216797,180.02162170410156,172.51512145996094,176.63943481445312,176.63943481445312,2250385468.0,176.63943481445312,2.929258611378729,53.240970127536734,60.28187161558162,191.7626707149985,123.0796472314286,82.84644735850155
2021-06-07,176.539306640625,182.23959350585938,161.0727996826172,161.73280334472656,161.73280334472656,2497621711.0,161.73280334472656,2.6820579868680525,10.37299819987609,41.38785001923911,192.18986999011432,123.3948932595449,82.8844827956805
2021-06-08,162.04898071289062,164.47744750976562,145.66819763183594,161.16107177734375,161.16107177734375,3333355082.0,161.16107177734375,2.6725768106011993,24.67202691968344,29.428665082365423,192.61356949936496,123.70910449093336,82.92413583171967
2021-06-09,160.8913116455078,173.04527282714844,152.84213256835938,172.13865661621094,172.13865661621094,3251347235.0,172.13865661621094,2.8546210124249316,42.15356495542424,25.732863358327922,193.13482632663082,124.0544996810286,82.98358300788217
2021-06-10,172.47857666015625,174.52015686035156,162.9648895263672,168.20306396484375,168.20306396484375,2639779895.0,168.20306396484375,2.7893560353431948,42.66467563210003,36.496755835735904,193.6309579317687,124.3874396441734,83.03900498516484
2021-06-11,168.2439727783203,173.48854064941406,160.8946990966797,162.88052368164062,162.88052368164062,2518234370.0,162.88052368164062,2.7010909377144565,33.09039269259585,39.30287776004004,194.11211074245432,124.71446927214322,83.0957433639596
2021-06-12,162.97703552246094,164.25701904296875,154.3889923095703,162.01486206054688,162.01486206054688,2207409008.0,162.01486206054688,2.6867354413849274,31.42617352210051,35.727080615598794,194.6035180013688,125.03552902430704,83.15778835244375
2021-06-13,161.9825897216797,171.51971435546875,156.96461486816406,170.93087768554688,170.93087768554688,2041213335.0,170.93087768554688,2.8345920939843476,48.5670560170564,37.694540743917585,195.11840315855267,125.38028606258027,83.22151152902542
2021-06-14,170.85440063476562,180.00091552734375,166.6953887939453,172.9490966796875,172.9490966796875,1960141206.0,172.9490966796875,2.868060755013775,52.44704637178983,44.14675863698225,195.61538925587806,125.73333968071088,83.29116732279459
2021-06-15,178.63372802734375,181.04803466796875,172.44073486328125,178.659423828125,178.659423828125,2459814443.0,178.659423828125,2.962756625111643,63.425049414390344,54.81305060107886,196.1415983523176,126.10250441668785,83.36521519525955
2021-06-16,175.3293914794922,177.2010040283203,164.9956817626953,166.4589385986328,166.4589385986328,2211208641.0,166.4589385986328,2.760432741664951,39.96983214068008,51.947309308953415,196.6063976183615,126.43834463668196,83.42946755918737
2021-06-17,166.6033172607422,173.25112915039062,163.58920288085938,167.05569458007812,167.05569458007812,2010202177.0,167.05569458007812,2.770328904429379,44.668170210894544,49.35435058865499,197.01222279032723,126.77539487864873,83.49178417501929
2021-06-18,167.23403930664062,167.37890625,152.0054931640625,156.3556365966797,156.3556365966797,2163514007.0,156.3556365966797,2.5928870040799734,26.875991908178083,37.17133141991757,197.3149335267114,127.0844236609054,83.54431197109832
2021-06-19,156.55419921875,160.82736206054688,152.93783569335938,153.2954559326172,153.2954559326172,1718599931.0,153.2954559326172,2.542139216237491,20.855803062739724,30.799988393937454,197.55488407155855,127.38748016357422,83.59481604066613
2021-06-20,153.0144500732422,156.2391815185547,144.31533813476562,155.09259033203125,155.09259033203125,1958671063.0,155.09259033203125,2.571941572777062,28.417834686030925,25.383209885649578,197.74359272607688,127.69363297762936,83.64793667205393
2021-06-21,154.97198486328125,155.49322509765625,124.249267578125,124.78646087646484,124.78646087646484,2929287425.0,124.78646087646484,2.0693669875575864,0.9457833785196719,16.739807042430108,197.79889583066512,127.91746589974181,83.68420202699426
2021-06-22,124.59527587890625,132.62332153320312,105.56629180908203,119.6026840209961,119.6026840209961,3728601207.0,119.6026840209961,1.9834030406660106,18.59574471956103,15.986454261370541,197.87866244290043,128.12408146270334,83.71799105465685
2021-06-23,119.67530822753906,133.59461975097656,115.95838165283203,128.67498779296875,128.67498779296875,2863227875.0,128.67498779296875,2.13385146107117,30.614947547102183,16.71882521506096,197.96060026408546,128.35557655438984,83.76173341829482
2021-06-24,129.06080627441406,137.175537109375,123.95979309082031,134.48460388183594,134.48460388183594,1897169523.0,134.48460388183594,2.2301938660103313,38.31166448662527,29.174118917762826,198.1391114198445,128.60664717791832,83.80981671233155
2021-06-25,134.59622192382812,138.11972045898438,124.58116912841797,125.687744140625,125.687744140625,1912813174.0,125.687744140625,2.0843132070447914,26.65737643228518,31.86132948867088,198.2162827038374,128.83438475099328,83.85440214148394
2021-06-26,125.3934326171875,129.3040771484375,119.02980041503906,126.65725708007812,126.65725708007812,2064657166.0,126.65725708007812,2.1003908973392567,27.94181012808051,30.97028368233032,198.21449942666976,129.06270385115113,83.8964090443093
2021-06-27,126.89379119873047,132.47605895996094,125.09052276611328,132.34788513183594,132.34788513183594,1804264433.0,132.34788513183594,2.194760092090558,35.48088889895157,30.026691819772424,198.23028460226425,129.3114499444831,83.9488456499631
2021-06-28,132.5926971435547,139.47433471679688,130.3041534423828,137.370849609375,137.370849609375,1877529989.0,137.370849609375,2.278057244654119,42.13543115949463,35.186043395508904,198.2841309510945,129.57436112704343,84.00236341398056
2021-06-29,137.61309814453125,149.09628295898438,137.42349243164062,143.70291137695312,143.70291137695312,2182136698.0,143.70291137695312,2.3830635048923487,53.237625149039246,43.61798173582849,198.35873517312638,129.85340737120745,84.05928479373183
2021-06-30,144.05044555664062,146.67156982421875,136.4293212890625,144.13583374023438,144.13583374023438,1889869747.0,144.13583374023438,2.390242771300397,56.98402100999517,50.78569243950968,198.44122168535742,130.1346896759451,84.11763450761909
2021-07-01,144.1366424560547,144.1366424560547,134.40602111816406,137.57752990722656,137.57752990722656,1681324823.0,137.57752990722656,2.2814846788673226,51.78754917208956,54.003065110374656,198.48554654981268,130.3973699073269,84.16541571943728
2021-07-02,137.2992706298828,138.78770446777344,130.9354705810547,136.94369506835938,136.94369506835938,1418980649.0,136.94369506835938,2.270973627572951,56.78030323425667,55.183957805447136,198.55250486780386,130.6588985704396,84.21276036963616
2021-07-03,136.9305877685547,141.35601806640625,134.94528198242188,140.27969360351562,140.27969360351562,1236493834.0,140.27969360351562,2.3262953763484613,68.50487902596241,59.024243810769555,198.62927725536576,130.93033571635206,84.26279296352439
2021-07-04,140.3179931640625,147.8360595703125,137.09642028808594,144.90585327148438,144.90585327148438,1431656519.0,144.90585327148438,2.403012209479438,78.79426768518387,68.02648331513431,198.67277981283885,131.21208728110955,84.31863392346526
2021-07-05,144.84933471679688,144.84933471679688,134.96026611328125,138.0732421875,138.0732421875,1338245545.0,138.0732421875,2.2897052071275183,74.67713528007666,73.99209399707432,198.55192003093782,131.4764028052761,84.36858382725825
2021-07-06,137.95167541503906,142.7035675048828,135.92483520507812,138.9856414794922,138.9856414794922,1504907480.0,138.9856414794922,2.304835766653433,69.48919188912227,74.32019828479427,198.46546273153336,131.73673745769344,84.4167881604199
2021-07-07,138.9601593017578,142.90057373046875,137.18386840820312,137.3712158203125,137.3712158203125,1594183502.0,137.3712158203125,2.2780633176272547,61.002863831728696,68.38973033364255,198.34948701285273,131.99441681953326,84.466993833568
2021-07-08,137.5182647705078,137.67222595214844,128.44664001464844,132.30850219726562,132.30850219726562,1654154836.0,132.30850219726562,2.194106994437972,44.16446706999513,58.218840930282035,198.1488945549303,132.2330682101315,84.51398096128142
2021-07-09,132.1701202392578,135.73353576660156,126.36164855957031,134.57159423828125,134.57159423828125,1578256301.0,134.57159423828125,2.2316364501704995,51.69142682562294,52.286252575782264,197.9573953347128,132.47973708061323,84.56739474257378
2021-07-10,134.65133666992188,136.7248077392578,130.92250061035156,133.98728942871094,133.98728942871094,1301165252.0,133.98728942871094,2.221946768492669,37.06096616444456,44.30562002002088,197.7426817430173,132.7256033074366,84.61788551121542
2021-07-11,133.98126220703125,136.4457244873047,132.24530029296875,134.24583435058594,134.24583435058594,1267259648.0,134.24583435058594,2.226234287526152,34.67918442189166,41.14385913731973,197.50640798266468,132.97099715977498,84.67033960525303
2021-07-12,134.29124450683594,139.66526794433594,132.155029296875,133.5381317138672,133.5381317138672,1658972857.0,133.5381317138672,2.214498266942292,31.566301125483832,34.435483903940025,197.30107079177606,133.214564367843,84.72202511617583
2021-07-13,133.48373413085938,134.52394104003906,129.7334442138672,131.32180786132812,131.32180786132812,1326935445.0,131.32180786132812,2.1777443804872445,23.097999285179846,29.781161610851786,197.2577351637877,133.4540219346138,84.77188759198472
2021-07-14,131.39901733398438,132.31178283691406,124.23351287841797,131.06260681152344,131.06260681152344,1509497526.0,131.06260681152344,2.173445980710228,28.933716442771328,27.86600561781167,197.24913787841797,133.69308972293385,84.81948905666125
2021-07-15,131.13238525390625,133.01707458496094,122.33609771728516,125.49156188964844,125.49156188964844,1512389053.0,125.49156188964844,2.0810598647281315,12.374387814971048,21.46870118097408,197.1293030202063,133.91832974577602,84.8568366917301
2021-07-16,125.62896728515625,127.78345489501953,120.7690658569336,121.04105377197266,121.04105377197266,1434977465.0,121.04105377197266,2.00725590785742,1.0048693176613182,14.10432452513457,196.95966626777025,134.1347834861442,84.88536176463785
2021-07-17,120.94344329833984,122.89361572265625,118.07868194580078,120.0270767211914,120.0270767211914,1380666904.0,120.0270767211914,1.990440857408117,6.547602413008649,6.6422865152136765,196.8273686059837,134.34879516183514,84.91555809299696
2021-07-18,120.080810546875,123.98239135742188,117.39049530029297,119.51201629638672,119.51201629638672,1339676386.0,119.51201629638672,1.9818994737339428,7.726185961154015,5.092885897274665,196.69210406861018,134.55999009641883,84.94555290082819
2021-07-19,119.38440704345703,120.73291015625,111.98568725585938,113.16480255126953,113.16480255126953,1252109735.0,113.16480255126953,1.8766419442322426,3.8140696275193258,6.029286000560668,196.53218049429805,134.7534478279009,84.97332477482486
2021-07-20,113.24037170410156,114.93824768066406,104.32588958740234,107.39948272705078,107.39948272705078,1447927552.0,107.39948272705078,1.7810341160018988,7.967902285989034,6.502719291554129,196.28767445048348,134.9326907641267,84.99427051457096
2021-07-21,107.33421325683594,118.8583755493164,105.37126922607422,117.45989227294922,117.45989227294922,1535044626.0,117.45989227294922,1.947868556608411,37.16534725905834,16.31577305752224,196.09080267734214,135.13500238705987,85.02559809053325
2021-07-22,117.63249969482422,121.90778350830078,115.81658935546875,120.73579406738281,120.73579406738281,1244645331.0,120.73579406738281,2.0021937051883727,46.43518149707589,30.522810347374428,195.9312636995576,135.34267273994342,85.06057763121444
2021-07-23,120.74201202392578,124.46802520751953,117.28687286376953,124.2494125366211,124.2494125366211,1105582289.0,124.2494125366211,2.06046097245475,56.377683693210045,46.65940414978143,195.89911022082052,135.5602051617348,85.09250841706856
2021-07-24,124.21847534179688,127.74347686767578,123.61669158935547,126.18867492675781,126.18867492675781,1149988053.0,126.18867492675781,2.092620275172164,61.86522331699699,54.892696169094314,195.83854858731962,135.78487950155179,85.12895314290644
2021-07-25,126.11593627929688,128.01429748535156,123.86831665039062,127.59797668457031,127.59797668457031,1152966295.0,127.59797668457031,2.1159911001209633,65.853130924138,61.365345978115016,195.78306763028837,136.00075130723928,85.1687435359171
2021-07-26,127.65141296386719,140.26858520507812,127.19208526611328,131.36248779296875,131.36248779296875,2122247682.0,131.36248779296875,2.1784189865863515,75.22139823110662,67.64658415741387,195.7277953768037,136.22919999214068,85.2115735702863
2021-07-27,131.23289489746094,134.9468536376953,127.62014770507812,134.6178741455078,134.6178741455078,1709997405.0,134.6178741455078,2.232403922150466,84.27855517661446,75.11769477728637,195.71235098083162,136.4529475172905,85.25814331786273
2021-07-28,134.7672119140625,141.8950958251953,132.92088317871094,139.83660888671875,139.83660888671875,1844085027.0,139.83660888671875,2.31894758493591,94.52081333460323,84.67358891410811,195.7401178912387,136.6838006738114,85.30905885217396
2021-07-29,140.29916381835938,142.80491638183594,137.14625549316406,141.3212890625,141.3212890625,1579482162.0,141.3212890625,2.3435684301883803,96.14432213355624,91.64789688159131,195.8405103422905,136.91982611042178,85.36245738164475
2021-07-30,141.47171020507812,145.79518127441406,136.22012329101562,145.7750244140625,145.7750244140625,1614166297.0,145.7750244140625,2.4174259051348463,99.95139328517185,96.87217625111045,195.90765835287792,137.16402313023397,85.42279776830107
2021-07-31,145.654296875,146.59869384765625,142.05093383789062,144.93321228027344,144.93321228027344,1337306944.0,144.93321228027344,2.40346591118075,96.06015830620268,97.38529124164359,195.96186949516255,137.40220141476146,85.4840558631235
2021-08-01,144.50985717773438,149.69740295410156,138.77186584472656,140.73553466796875,140.73553466796875,1520253711.0,140.73553466796875,2.333854709658557,80.24780832479253,92.08645330538904,196.00195425064837,137.61985158005805,85.54304831343698
2021-08-02,140.5424346923828,145.86026000976562,139.091552734375,141.50550842285156,141.50550842285156,1446142148.0,141.50550842285156,2.346623388715956,81.94485058269511,86.08427240456344,196.06717114891512,137.85235586297023,85.60146841284347
2021-08-03,141.468505859375,143.14199829101562,136.130859375,138.2908477783203,138.2908477783203,1337812400.0,138.2908477783203,2.29331381837259,74.26674916930799,78.81980269226521,196.10181001757013,138.0710461237659,85.66091329670388
2021-08-04,138.48631286621094,144.43251037597656,135.9945526123047,142.623046875,142.623046875,1391008967.0,142.623046875,2.3651558253597966,79.11987544659485,78.44382506619932,196.10244429958323,138.30416939095275,85.72304447992751
2021-08-05,142.62791442871094,145.00405883789062,136.4845733642578,143.43597412109375,143.43597412109375,1601656842.0,143.43597412109375,2.37863681355785,80.68088113475325,78.02250191688536,196.03590847494823,138.5354714903113,85.78655833936718
2021-08-06,143.54800415039062,150.55557250976562,142.0043182373047,147.8009490966797,147.8009490966797,1830070393.0,147.8009490966797,2.451022351640661,89.77454400862321,83.19176686332378,196.05040440793897,138.77831172159273,85.8592803902822
2021-08-07,147.8987579345703,156.3384246826172,147.3045196533203,155.86477661132812,155.86477661132812,2107022706.0,155.86477661132812,2.58474694271382,98.541279656911,89.66556826676249,196.0559375116734,139.04850143014568,85.94455379503502
2021-08-08,155.95895385742188,157.43844604492188,147.36541748046875,149.8477325439453,149.8477325439453,1780747563.0,149.8477325439453,2.484964704574637,74.90371302356871,87.73984556303431,196.02387737836995,139.2997850600987,86.02297108445538
2021-08-09,149.81851196289062,170.38600158691406,145.44422912597656,166.516357421875,166.516357421875,2544061454.0,166.516357421875,2.7613849332444476,90.95155640822449,88.13218302956807,196.1079007758469,139.5994489695928,86.12079972045062
2021-08-10,166.4677276611328,168.17385864257812,159.07925415039062,165.46041870117188,165.46041870117188,2379906344.0,165.46041870117188,2.743874021290065,86.85288317502365,84.23605086893896,196.0982907404665,139.89306971928843,86.21860914360987
2021-08-11,165.40869140625,176.01881408691406,164.40505981445312,170.93594360351562,170.93594360351562,2419719473.0,170.93594360351562,2.834676103446052,87.30052649035656,88.3683220245349,196.03720588892534,140.21238231920216,86.32053411649242
2021-08-12,170.87928771972656,179.57052612304688,161.1070556640625,165.1310272216797,165.1310272216797,2386820701.0,165.1310272216797,2.7384116349954595,66.86362291410973,80.33901085982998,195.944072744234,140.51419722674643,86.41942254157915
2021-08-13,165.51177978515625,184.30398559570312,164.28289794921875,183.2860870361328,183.2860870361328,2604958786.0,183.2860870361328,3.0394818085806805,97.89296107052195,84.01903682499608,195.93746118597645,140.8581554987659,86.53698116110884
2021-08-14,183.3824005126953,184.938720703125,175.77862548828125,182.71127319335938,182.71127319335938,2425228534.0,182.71127319335938,3.0299495181232725,95.44900322826533,86.73519573763234,195.85811456565648,141.20324631782427,86.65406871604048
2021-08-15,182.9389190673828,186.36778259277344,175.61293029785156,184.904296875,184.904296875,2463135987.0,184.904296875,3.0663170116625897,97.09471535110836,96.8122265499652,195.63230416553267,141.54564764989564,86.77237227452945
2021-08-16,184.7760009765625,188.8373565673828,176.99046325683594,178.8544921875,178.8544921875,2512505149.0,178.8544921875,2.96599149546835,81.10837496744251,91.21736451560541,195.43790102265572,141.86079271917473,86.87953217563019
2021-08-17,178.15264892578125,184.22093200683594,168.340576171875,168.84263610839844,168.84263610839844,2207382233.0,168.84263610839844,2.799962229883352,62.16188589087368,80.12165873647486,195.22566944393304,142.1397368235131,86.98141978886574
2021-08-18,168.67343139648438,174.30966186523438,163.58016967773438,167.3966064453125,167.3966064453125,1933140312.0,167.3966064453125,2.7759823363371976,59.04563461529494,67.43863182453704,194.98987729432153,142.41883017134992,87.08138107404316
2021-08-19,167.04376220703125,175.54293823242188,162.9866943359375,175.493408203125,175.493408203125,1886756817.0,175.493408203125,2.9102537480330755,71.50740408894681,64.23830819837181,194.6539203664644,142.72975833840567,87.19233742805376
2021-08-20,175.4324951171875,184.08155822753906,174.3670196533203,183.62852478027344,183.62852478027344,1821956870.0,183.62852478027344,3.0451605445432293,87.99618258872246,72.84974043098808,194.41763059689046,143.06033852982193,87.3085733404987
2021-08-21,183.65145874023438,184.413818359375,177.05250549316406,179.73614501953125,179.73614501953125,1735474978.0,179.73614501953125,2.980612178291451,79.02614518821919,79.50991062196283,194.1064837929981,143.39008407592775,87.42219666955678
2021-08-22,179.90740966796875,189.5882568359375,179.1482696533203,186.31309509277344,186.31309509277344,2051815458.0,186.31309509277344,3.089679486273328,92.58073648221946,86.5343547530537,193.8807636115069,143.73529486460228,87.53979456479146
2021-08-23,186.13238525390625,191.38265991210938,183.9352569580078,187.10643005371094,187.10643005371094,2033355063.0,187.10643005371094,3.1028355704086463,86.76229407530151,86.12305858191338,193.66150173333173,144.08182409626164,87.65776409166588
2021-08-24,187.30474853515625,188.33013916015625,172.7820281982422,173.57681274414062,173.57681274414062,1968635010.0,173.57681274414062,2.8784703370486784,41.18747549318547,73.51016868356882,193.47281329879343,144.3869676250301,87.76339780032363
2021-08-25,173.70973205566406,178.9541778564453,169.92413330078125,177.6032257080078,177.6032257080078,1766315141.0,177.6032257080078,2.945241411467956,54.48667484484477,60.81214813777725,193.4764652356424,144.7130568308373,87.87323261940315
2021-08-26,177.8907012939453,180.2177276611328,166.03240966796875,168.08558654785156,168.08558654785156,1967737081.0,168.08558654785156,2.787407876169518,17.95639665161707,37.87684899654911,193.40382639567056,145.01367988063865,87.97171269769538
2021-08-27,167.98785400390625,175.98440551757812,165.39891052246094,175.98440551757812,175.98440551757812,2747733541.0,175.98440551757812,2.918396086764155,45.77309106384991,39.405387520103915,193.38788412959198,145.3422919077416,88.07487252117836
2021-08-28,176.1288299560547,177.00636291503906,171.77511596679688,175.45408630371094,175.45408630371094,2197632103.0,175.45408630371094,2.909601662542679,43.90550458419803,35.878330766555,193.41551221003297,145.665852679945,88.17869616120917
2021-08-29,175.52719116210938,182.30320739746094,173.50204467773438,174.7042236328125,174.7042236328125,2336929993.0,174.7042236328125,2.8971664909266237,41.264767931355784,43.64778785980124,193.42974048885492,145.98753073705385,88.28316102223853
2021-08-30,174.6308135986328,176.10398864746094,167.07908630371094,167.42466735839844,167.42466735839844,2322318232.0,167.42466735839844,2.7764476779036853,15.62888576743806,33.59971942766396,193.4433880164975,146.2743782043457,88.37950729474629
2021-08-31,167.5045928955078,175.23890686035156,166.14059448242188,171.6592254638672,171.6592254638672,2252832552.0,171.6592254638672,2.8466704784287074,30.541420064289472,29.14502458769444,193.4238324191401,146.57724239401622,88.47604449023939
2021-09-01,171.46517944335938,182.71591186523438,169.01461791992188,180.97216796875,180.97216796875,2807031001.0,180.97216796875,3.001109474785091,63.338130145871105,36.50281199253288,193.4407708423385,146.90077493745986,88.58136208765039
2021-09-02,180.95639038085938,187.88600158691406,179.7144775390625,183.61724853515625,183.61724853515625,2648327451.0,183.61724853515625,3.0449735475787727,70.11435393520708,54.66463471512255,193.41394889289563,147.24465877585214,88.68934752059309
2021-09-03,183.43487548828125,217.51747131347656,180.1070556640625,212.96597290039062,212.96597290039062,5461104943.0,212.96597290039062,3.5316712301780675,91.26702974140733,74.90650460749517,193.58819659290418,147.69723921475344,88.82200146853651
2021-09-04,212.96484375,225.11004638671875,208.9357147216797,212.35845947265625,212.35845947265625,4290103830.0,212.35845947265625,3.5215966738277915,78.64454137491059,80.00864168384167,193.76083511602684,148.14038026365515,88.96256837365834
2021-09-05,211.97352600097656,231.95567321777344,210.74658203125,231.333984375,231.333984375,3796951481.0,231.333984375,3.836272837641433,99.06592686062656,89.65916599231484,194.0250541395177,148.6437902581202,89.12133347498228
2021-09-06,232.10145568847656,232.10145568847656,216.6732177734375,219.52577209472656,219.52577209472656,3846416196.0,219.52577209472656,3.6404541205847774,81.1466210735281,86.28569643635508,194.1822490171005,149.1135771032882,89.27049144065543
2021-09-07,219.52459716796875,221.43191528320312,165.84286499023438,178.11439514160156,178.11439514160156,4888577997.0,178.11439514160156,2.953718269802568,19.062967668614622,66.42517186758975,194.10676653919325,149.46794501526716,89.38452778472204
2021-09-08,178.07594299316406,188.20123291015625,170.00404357910156,179.72467041015625,179.72467041015625,4614459511.0,179.72467041015625,2.98042189179988,21.47708134980457,40.56222336398243,193.97609335477236,149.83052274103034,89.498500818749
2021-09-09,177.9097442626953,188.45785522460938,177.24061584472656,180.37680053710938,180.37680053710938,2895886861.0,180.37680053710938,2.991236338710467,22.454750380768896,20.99826646639603,193.8660383797734,150.19347918784783,89.61336931376697
2021-09-10,180.44834899902344,187.12901306152344,171.5594024658203,174.29603576660156,174.29603576660156,2640894542.0,174.29603576660156,2.8903974032457516,12.757848736724558,18.896560155766007,193.71874712334304,150.5375317403715,89.72471975910065
2021-09-11,174.30833435058594,185.77748107910156,173.75514221191406,178.68856811523438,178.68856811523438,2374798275.0,178.68856811523438,2.9632399325569896,19.387226606588225,18.199941908027228,193.48846931665972,150.89259698946182,89.8407306880167
2021-09-12,178.6846160888672,185.93312072753906,175.57394409179688,183.23448181152344,183.23448181152344,2524354411.0,183.23448181152344,3.0386260254497057,26.24809347439147,19.464389605901417,193.25161789023812,151.2553841891354,89.95826318296668
2021-09-13,183.24244689941406,233.05685424804688,171.38385009765625,179.48394775390625,179.48394775390625,8716460338.0,179.48394775390625,2.9764299241256458,20.295005421191135,21.976775167390276,193.05592308669793,151.61543326181908,90.07050742754653
2021-09-14,179.5534210205078,187.5938262939453,176.49996948242188,183.13906860351562,183.13906860351562,3674072759.0,183.13906860351562,3.037043762907427,25.73304129730829,24.09204673096363,192.95687636912194,151.98269064916323,90.18596493272477
2021-09-15,183.0461883544922,191.49803161621094,180.04246520996094,189.23941040039062,189.23941040039062,2966645617.0,189.23941040039062,3.1382073493943308,34.80904149345189,26.945696070650442,192.89238880761985,152.36857917472108,90.30675645070534
2021-09-16,189.02932739257812,194.78985595703125,181.85879516601562,185.53807067871094,185.53807067871094,3890293445.0,185.53807067871094,3.0768270507947726,29.302241848689743,29.94810821314998,192.7802037723729,152.74557818060052,90.42821541877642
2021-09-17,185.39852905273438,190.08932495117188,178.46478271484375,179.68408203125,179.68408203125,3490133355.0,179.68408203125,2.9797488039440574,20.592762301200292,28.234681881113982,192.66625171932367,153.1039535626973,90.54290663662566
2021-09-18,179.83258056640625,184.87098693847656,178.50674438476562,181.30886840820312,181.30886840820312,2288894200.0,181.30886840820312,3.0066930675018537,23.010095946910468,24.301700032266837,192.5583017067831,153.4679153546895,90.65886496452435
2021-09-19,181.24803161621094,181.47645568847656,173.23143005371094,175.7406005859375,175.7406005859375,2265327476.0,175.7406005859375,2.9143530048993656,14.72570770608245,19.442855318064403,192.42132997773385,153.81603527330373,90.7676377509827
2021-09-20,175.7526092529297,175.9052734375,154.10418701171875,156.46401977539062,156.46401977539062,3091999618.0,156.46401977539062,2.594684351087458,2.988920889281947,13.574908180758287,192.20294894025625,154.11566127620333,90.85507265378351
2021-09-21,157.2126922607422,162.0477294921875,145.47476196289062,148.38987731933594,148.38987731933594,2676739911.0,148.38987731933594,2.4607887046043233,3.328437675311597,7.014355423558665,191.99153933499028,154.40333156846975,90.93539528171766
2021-09-22,148.24111938476562,161.9007568359375,145.7730712890625,161.41200256347656,161.41200256347656,2470322802.0,161.41200256347656,2.6767380624015784,18.196916955005243,8.171425173199596,191.84956138902675,154.72351500628747,91.02676112728032
2021-09-23,161.49305725097656,164.5155487060547,157.520751953125,163.81834411621094,163.81834411621094,2168287266.0,163.81834411621094,2.716643062792176,20.94444386370209,14.15659949800631,191.77395150439986,155.05436611436818,91.12342710277261
2021-09-24,163.8912811279297,165.76832580566406,142.44131469726562,152.2317352294922,152.2317352294922,3002639992.0,152.2317352294922,2.5244992536039845,10.804350534976374,16.6485704512279,191.66012935951107,155.34804249593657,91.20990576373931
2021-09-25,152.22764587402344,155.52850341796875,149.2789306640625,151.18145751953125,151.18145751953125,2780149595.0,151.18145751953125,2.5070822196926503,9.645302412361204,13.798032270346555,191.4792702680077,155.63597440327683,91.29555503984564
2021-09-26,151.1856231689453,153.4053497314453,142.54745483398438,150.640869140625,150.640869140625,3285914022.0,150.640869140625,2.4981174991828405,9.04872882069451,9.832793922677363,191.2924419882519,155.92214411905368,91.37561117546744
2021-09-27,150.86325073242188,154.82504272460938,145.27651977539062,145.34957885742188,145.34957885742188,2675737537.0,145.34957885742188,2.410370628594976,5.555578226573244,8.083203153209654,191.07561734725869,156.19408352995572,91.45182531173916
2021-09-28,145.2202606201172,148.44705200195312,140.3708953857422,140.5971221923828,140.5971221923828,2716268316.0,140.5971221923828,2.331559378853982,0.4157132077968798,5.006673418354878,190.78120393179805,156.45501936821088,91.5239625016304
2021-09-29,140.67201232910156,149.6635284423828,140.14515686035156,144.9186248779297,144.9186248779297,2611872987.0,144.9186248779297,2.4032240044175297,8.735464000145203,4.902251811505109,190.4983434208104,156.7265866632331,91.60047092699025
2021-09-30,144.853759765625,154.19712829589844,144.1713409423828,153.1479949951172,153.1479949951172,2490894083.0,153.1479949951172,2.5396938323883664,26.034747662871844,11.728641623604643,190.2559876572239,157.01912511538154,91.68534754400383
2021-10-01,153.2936553955078,168.00570678710938,151.5926513671875,166.1322021484375,166.1322021484375,3075986940.0,166.1322021484375,2.7550143844255763,58.102991588290195,30.957734417102415,190.04844494595554,157.34739551282908,91.78254097193887
2021-10-02,166.21224975585938,172.634521484375,164.80014038085938,169.25892639160156,169.25892639160156,2954252473.0,169.25892639160156,2.8068656820948417,70.44000637947228,51.52591521021143,189.80817463358895,157.68803922052254,91.88462446552434
2021-10-03,169.1682586669922,174.69522094726562,166.1136474609375,170.60997009277344,170.60997009277344,3020051826.0,170.60997009277344,2.8292703982340424,85.19215301409172,71.24505032728473,189.66315693672888,158.03058222940524,91.98720937058262
2021-10-04,170.60240173339844,170.7590789794922,162.34503173828125,167.54014587402344,167.54014587402344,2809356425.0,167.54014587402344,2.778362688765666,79.29070390363707,78.30762109906702,189.46368829278998,158.36156863904978,92.08654630652302
2021-10-05,167.53915405273438,175.23277282714844,166.92149353027344,173.89108276367188,173.89108276367188,2779608244.0,173.89108276367188,2.883681960160908,96.17617205812388,86.88634299195088,189.20588521488378,158.7109600223907,92.19252528534632
2021-10-06,173.89476013183594,182.7165985107422,164.39273071289062,178.70567321777344,178.70567321777344,3434445937.0,178.70567321777344,2.9635235910105147,90.57836630032953,88.68174742069682,188.88370363829566,159.0745768507866,92.30261238307169
2021-10-07,178.68307495117188,186.70028686523438,173.76512145996094,178.771728515625,178.771728515625,3653828647.0,178.771728515625,2.964619003539785,82.96952806537581,89.90802214127642,188.66156185129302,159.43652547548896,92.41161615206227
2021-10-08,178.61398315429688,182.8628387451172,174.97140502929688,175.97238159179688,175.97238159179688,3235639420.0,175.97238159179688,2.9181966908128807,76.95655608240739,83.50148348270424,188.38270589692996,159.78927616485177,92.51870207242226
2021-10-09,175.8391571044922,182.5896453857422,175.0626220703125,179.65866088867188,179.65866088867188,3261336754.0,179.65866088867188,2.979327238392252,84.87465081544407,81.60024498774243,188.15208455903934,160.15044248398036,92.62982249325269
2021-10-10,179.779052734375,183.83078002929688,174.6259765625,175.31857299804688,175.31857299804688,2933958270.0,175.31857299804688,2.907354409442091,75.5521811108813,79.12779600291093,187.71327788973116,160.49673693931265,92.74314264968106
2021-10-11,175.10952758789062,185.08250427246094,173.7331085205078,179.42605590820312,179.42605590820312,3155773236.0,179.42605590820312,2.975469888289183,84.37501741211267,81.60061644614602,187.3077674824032,160.84933462273585,92.85809639882824
2021-10-12,179.44728088378906,179.44728088378906,167.44483947753906,172.79776000976562,172.79776000976562,3014739916.0,172.79776000976562,2.865551098865635,70.13749751314062,76.68823201204486,186.91598273105308,161.18372898885647,92.96708814194213
2021-10-13,172.65509033203125,179.43910217285156,168.02479553222656,177.62832641601562,177.62832641601562,2648806965.0,177.62832641601562,2.945657663168267,78.66873901442212,77.72708464655847,186.42771415501997,161.53355826808982,93.08164606486281
2021-10-14,177.54449462890625,185.91506958007812,177.16390991210938,180.11839294433594,180.11839294433594,2669021002.0,180.11839294433594,2.98695109704191,81.25224377111752,76.68616009956008,185.88328781544837,161.89046759409447,93.19601939127325
2021-10-15,181.00021362304688,192.36476135253906,176.94956970214844,188.8141326904297,188.8141326904297,3361284929.0,188.8141326904297,3.1311548563004807,88.17234962561751,82.69777747038573,185.34899014332257,162.2721765283036,93.3190750383351
2021-10-16,189.49830627441406,192.17178344726562,185.43048095703125,186.18930053710938,186.18930053710938,2812657145.0,186.18930053710938,3.0876265683130684,79.42865943570436,82.95108427747981,184.66908068213957,162.65161879029992,93.4400953127369
2021-10-17,186.02996826171875,187.79721069335938,178.02435302734375,183.73052978515625,183.73052978515625,2557228667.0,183.73052978515625,3.046852120601942,71.23814345322417,79.61305083818202,184.00771790384596,163.02607523251885,93.55991597807026
2021-10-18,183.8011474609375,187.1116485595703,179.23037719726562,185.55674743652344,185.55674743652344,2735635061.0,185.55674743652344,3.07713677242467,75.66135257135844,75.44271848676233,183.52934594493095,163.40398537622738,93.68095401258773
2021-10-19,185.6239013671875,191.05386352539062,183.9536895751953,188.9398193359375,188.9398193359375,2468334299.0,188.9398193359375,3.133239151288606,87.75583345834413,78.21844316097558,183.13055140594315,163.78985086728449,93.80476864157202
2021-10-20,188.86724853515625,208.83335876464844,185.98178100585938,206.87078857421875,206.87078857421875,2998361011.0,206.87078857421875,3.4305931713961524,95.25817732976753,86.22512111982337,182.8350838833168,164.22771322171982,93.94536680630897
2021-10-21,207.3284454345703,214.02157592773438,196.4022979736328,196.8691864013672,196.8691864013672,2819160222.0,196.8691864013672,3.2647339490589413,63.17391291528486,82.0626412344655,182.49663351924042,164.62175118433285,94.07748122367684
2021-10-22,196.94500732421875,201.31959533691406,188.53033447265625,190.82228088378906,190.82228088378906,2250306566.0,190.82228088378906,3.164456510568689,50.19123963579456,69.54110996028233,182.15643639903251,164.99587448329143,94.20376522290653
2021-10-23,190.98883056640625,197.44529724121094,189.37583923339844,196.30950927734375,196.30950927734375,1909421304.0,196.30950927734375,3.2554526748244563,61.97228917202001,58.44581390769981,181.9102655212736,165.3823698801537,94.33508441001857
2021-10-24,196.46180725097656,199.4508056640625,185.7188720703125,190.9056854248047,190.9056854248047,1964457059.0,190.9056854248047,3.1658396302002405,50.37030873202634,54.17794584661363,181.7248552249429,165.743493432868,94.46172467061918
2021-10-25,190.57064819335938,197.3959503173828,189.87562561035156,195.299560546875,195.299560546875,2117515772.0,195.299560546875,3.2387044270796412,59.80393473707867,57.38217754704167,181.57002846139378,166.11780784293396,94.59250152971103
2021-10-26,195.3643341064453,198.97657775878906,190.97183227539062,197.4688720703125,197.4688720703125,2152699224.0,197.4688720703125,3.274678695608451,64.0133424229004,58.062528630668474,181.29714836579203,166.5033505687975,94.72541191588797
2021-10-27,197.55178833007812,204.65245056152344,174.11334228515625,179.33412170410156,179.33412170410156,3305908613.0,179.33412170410156,2.973945318991689,13.081960644269804,45.63307926808296,180.8582513110885,166.8362767885809,94.84175586264972
2021-10-28,179.32862854003906,194.41094970703125,178.429443359375,189.97763061523438,189.97763061523438,2629059101.0,189.97763061523438,3.1504494510727947,39.7519180431792,38.949073703449805,180.48378395122256,167.20404423752876,94.97043735208032
2021-10-29,189.90927124023438,197.90191650390625,188.79783630371094,196.34471130371094,196.34471130371094,2323635618.0,196.34471130371094,3.2560364393670818,55.706221472142595,36.18003338653053,180.16006507248176,167.59193151813665,95.10478037481438
2021-10-30,196.4240264892578,197.02651977539062,188.016357421875,190.4823455810547,190.4823455810547,2152582091.0,190.4823455810547,3.158819273255898,41.016606854868,45.4915821233966,179.71916486396165,167.96630771584708,95.23358479852546
2021-10-31,190.44384765625,194.93223571777344,187.3317108154297,191.81637573242188,191.81637573242188,2072793808.0,191.81637573242188,3.1809418491848573,44.35935101968093,47.02739311556385,179.25459026899495,168.33952995195781,95.36284915976329
2021-11-01,192.04502868652344,200.49143981933594,188.3896484375,197.55499267578125,197.55499267578125,2301982951.0,197.55499267578125,3.276106856457423,58.738882308274064,48.038280060941,178.86361006439708,168.72848164806626,95.49638732666294
2021-11-02,197.62567138671875,204.24156188964844,195.2384033203125,200.7246856689453,200.7246856689453,2197205823.0,200.7246856689453,3.3286707163078906,66.68133604238851,56.5931897901145,178.35006184395544,169.13096713758495,95.63314649155151
2021-11-03,200.71893310546875,209.02328491210938,197.8549346923828,207.11013793945312,207.11013793945312,2526891232.0,207.11013793945312,3.4345623654211286,82.68167403704024,69.3672974625676,177.80839867930595,169.5509411537484,95.77332698351717
2021-11-04,207.28309631347656,207.28309631347656,197.3330535888672,202.96798706054688,202.96798706054688,2297111488.0,202.96798706054688,3.365871978450567,82.65451789403014,77.33917599115296,176.97195555473286,169.9577052181714,95.90978514614714
2021-11-05,202.95184326171875,203.23916625976562,197.13235473632812,199.53793334960938,199.53793334960938,1691201016.0,199.53793334960938,3.3089904877414886,72.8290829238528,79.38842495164106,176.13057625358874,170.34362148128145,96.04092015479797
2021-11-06,199.29800415039062,201.1033935546875,191.83587646484375,197.86636352539062,197.86636352539062,1562585003.0,197.86636352539062,3.2812704018656644,68.04084868903577,74.50814983563957,175.31971719877316,170.71275915903587,96.17213245026053
2021-11-07,197.8972625732422,202.4279022216797,197.35459899902344,202.0513153076172,202.0513153076172,1368484091.0,202.0513153076172,3.350670567571408,80.02869933361248,73.63287698216702,174.5310973704187,171.10428701949445,96.30882460885941
2021-11-08,202.30235290527344,229.48040771484375,202.30235290527344,228.69619750976562,228.69619750976562,3069524134.0,228.69619750976562,3.7925297182293614,98.58361609199963,82.21772137154929,173.6690504980869,171.5635778453252,96.47028597653184
2021-11-09,228.87667846679688,274.27752685546875,227.10169982910156,262.9067077636719,262.9067077636719,7006560647.0,262.9067077636719,4.359851686091067,88.64781943708145,89.08671162089786,173.14215100397828,172.12122941735672,96.66252790302991
2021-11-10,262.1584167480469,294.5628662109375,254.38720703125,261.2629699707031,261.2629699707031,7776726430.0,261.2629699707031,4.332593146173523,71.32617344552301,86.18586965820136,172.50758365985473,172.6774640122505,96.85421563936696
2021-11-11,260.8917541503906,273.7519226074219,251.60540771484375,263.0867004394531,263.0867004394531,3957519255.0,263.0867004394531,4.362836552387041,70.64643605173447,76.87347631144631,172.28901443064538,173.23519461644838,97.04822340142238
2021-11-12,262.6050720214844,281.9473876953125,244.24835205078125,251.55836486816406,251.55836486816406,4974432912.0,251.55836486816406,4.171659105048995,59.895516201278376,67.28937523284527,171.9319053191305,173.7590110151735,97.23257204343194
2021-11-13,251.19338989257812,263.6808166503906,245.50743103027344,258.09320068359375,258.09320068359375,2964986959.0,258.09320068359375,4.280028021120319,65.98967399648895,65.51054208316727,171.55955201029127,174.2867808825349,97.42844638040621
2021-11-14,257.9888000488281,279.2216796875,249.1079864501953,278.00750732421875,278.00750732421875,3230589098.0,278.00750732421875,4.610272251566161,84.40721753197106,70.09746924324612,171.44061750401565,174.87372158520841,97.6421990816996
2021-11-15,279.2409362792969,280.7282409667969,259.9883728027344,262.7633972167969,262.7633972167969,2797322397.0,262.7633972167969,4.357475129270808,69.04467942384166,73.1471903174339,171.25557025013075,175.4229913789932,97.8433904029463
2021-11-16,263.3050537109375,263.3050537109375,224.916748046875,230.59942626953125,230.59942626953125,4031751969.0,230.59942626953125,3.8240914656943215,37.73453296012843,63.72880997198039,170.97595335746723,175.85935625050166,98.01569225189348
2021-11-17,230.64382934570312,234.9708709716797,221.84703063964844,229.5041046142578,229.5041046142578,2863410681.0,229.5041046142578,3.805927456087353,36.66828770366691,47.815833362545675,170.62013248797973,176.28031998725785,98.1866294251185
2021-11-18,229.75303649902344,232.0609130859375,200.68801879882812,204.42291259765625,204.42291259765625,3104667090.0,204.42291259765625,3.389999394635799,12.252900784811645,28.885240482869005,170.7015682282995,176.6384788199647,98.3398548230733
2021-11-19,204.15194702148438,220.94715881347656,200.1072540283203,218.13858032226562,218.13858032226562,2357308403.0,218.13858032226562,3.617449951389018,25.604472517332816,24.841887001937128,170.733603430576,177.01232788922036,98.50889078601854
2021-11-20,218.11883544921875,227.61883544921875,213.79388427734375,227.07960510253906,227.07960510253906,2134869389.0,227.07960510253906,3.765721337445466,30.578681171957424,22.812018158033965,170.98979232871469,177.40820858053965,98.68460677159976
2021-11-21,226.9408416748047,230.3231658935547,220.05844116210938,221.77194213867188,221.77194213867188,1787880756.0,221.77194213867188,3.6777029543503468,22.936369380006568,26.373174356432273,171.27491464250076,177.77906289296607,98.85773630882507
2021-11-22,221.7183837890625,221.82920837402344,205.91053771972656,209.15802001953125,209.15802001953125,2030965166.0,209.15802001953125,3.468522937274511,9.582030947735008,21.03236049989967,171.6335958261959,178.12551169199486,99.01937861159512
2021-11-23,209.31344604492188,218.42584228515625,205.91696166992188,216.38897705078125,216.38897705078125,1944651936.0,216.38897705078125,3.588435816154293,17.237433167001683,16.58527783158109,171.81061687365255,178.47441487769558,99.19031128556762
2021-11-24,216.36253356933594,217.84107971191406,206.5169219970703,209.8065948486328,209.8065948486328,1884041986.0,209.8065948486328,3.479278425737576,11.851570110795706,12.890344741844137,171.95438026469913,178.80482917681132,99.35370342655268
2021-11-25,212.23345947265625,229.64520263671875,210.92410278320312,215.63497924804688,215.63497924804688,1953190727.0,215.63497924804688,3.575932070549919,18.973240296636043,16.020747858144485,172.04405591787537,179.1712808269344,99.52377098815082
2021-11-26,222.91036987304688,224.8620147705078,190.84671020507812,194.87464904785156,194.87464904785156,2690646017.0,194.87464904785156,3.2316580069589262,4.481386563666502,11.768732323699423,172.05363818726252,179.51103131019906,99.673365370868
2021-11-27,195.557861328125,200.845458984375,191.19830322265625,195.17442321777344,195.17442321777344,1406618152.0,195.17442321777344,3.236629241551219,4.814907997248439,9.423178285850334,172.15119971603644,179.85637528928993,99.81998438900465
2021-11-28,195.4145965576172,199.8712158203125,184.1060333251953,199.35421752929688,199.35421752929688,1712282909.0,199.35421752929688,3.305943879551974,15.781241783111897,8.359178781342285,172.34544076554764,180.20339242595517,99.97117778656146
2021-11-29,199.5909881591797,209.2916259765625,195.7545623779297,205.87020874023438,205.87020874023438,1784850980.0,205.87020874023438,3.41400029054738,27.480359364340266,16.025503048233542,172.5361073394942,180.55033801353142,100.1299042218352
2021-11-30,205.73304748535156,218.3396453857422,198.14625549316406,208.01454162597656,208.01454162597656,2122547294.0,208.01454162597656,3.449560331700257,47.004000026398856,30.08853372461701,172.64529239675386,180.8803103721305,100.28851043666334
2021-12-01,207.63661193847656,217.50633239746094,205.80560302734375,208.97125244140625,208.97125244140625,1739548260.0,208.97125244140625,3.4654257209755364,51.85128028736424,42.111879892701126,172.78731728642364,181.2187637538126,100.44856349823138
2021-12-02,208.8951416015625,209.8877410888672,200.59449768066406,203.4896240234375,203.4896240234375,1523272322.0,203.4896240234375,3.3745224226006285,41.94027110957626,46.931850474446456,172.87598202397913,181.5328270690082,100.60602178355875
2021-12-03,203.568359375,207.6363067626953,182.541748046875,188.09971618652344,188.09971618652344,1805361744.0,188.09971618652344,3.1193074978758077,11.632070353129253,35.141207250023264,172.84873357887477,181.8040619941607,100.74932186701527
2021-12-04,188.3485565185547,189.43101501464844,132.05429077148438,163.05270385742188,163.05270385742188,3667491155.0,163.05270385742188,2.7039462472502103,31.544487557663654,28.37227634012306,172.7622892869626,182.03155686887976,100.87147480341942
2021-12-05,162.95724487304688,165.01788330078125,149.2733917236328,156.4097900390625,156.4097900390625,1952282406.0,156.4097900390625,2.5937850449823476,24.956728861403832,22.711095590732253,172.67147547820878,182.23235429737665,100.98970871145866
2021-12-06,156.5113525390625,164.30856323242188,141.77304077148438,161.8865203857422,161.8865203857422,1959778935.0,161.8865203857422,2.6846071173415713,30.56865546604775,29.023290628371754,172.59085845947266,182.44696028199914,101.11447029636331
2021-12-07,161.78375244140625,165.4556884765625,158.70608520507812,162.29286193847656,162.29286193847656,1510598217.0,162.29286193847656,2.6913455871162197,30.985027795159198,28.836804040870266,172.5939188889467,182.66249124187314,101.23997609038331
2021-12-08,162.04222106933594,169.35586547851562,156.8856658935547,165.2234649658203,165.2234649658203,1705972971.0,165.2234649658203,2.739944554631014,33.987974454158234,31.847219238455068,172.6161177588291,182.90488797540533,101.36716918771126
2021-12-09,164.9592742919922,166.9373321533203,151.79530334472656,151.79530334472656,151.79530334472656,1373978010.0,151.79530334472656,2.5172617878700567,21.270872425930744,28.747958225082737,172.50495189395758,183.10868064148787,101.4833130266024
2021-12-10,151.7544403076172,159.71279907226562,148.2205352783203,148.59829711914062,148.59829711914062,1344733451.0,148.59829711914062,2.4642449854399193,19.17359721312719,24.81081469773873,172.3978220204838,183.3107867724275,101.59728189755792
2021-12-11,148.74195861816406,159.4130096435547,146.49546813964844,158.0419158935547,158.0419158935547,1207041548.0,158.0419158935547,2.620851021043396,30.11823412935955,23.52090125613917,172.3713815407675,183.5462787784942,101.7192436200843
2021-12-12,157.9253387451172,162.48501586914062,153.6103515625,159.20396423339844,159.20396423339844,870576845.0,159.20396423339844,2.640121576963716,31.464984507843518,26.918938616776757,172.35602144335138,183.7722981492134,101.84301996971374
2021-12-13,159.35443115234375,160.0882110595703,143.1669464111328,144.53590393066406,144.53590393066406,1097150357.0,144.53590393066406,2.3968772414101047,14.465506011975318,25.34957488305947,172.2117866140897,183.9436276370532,101.95358761652419
2021-12-14,144.62205505371094,151.633056640625,143.42257690429688,146.0780029296875,146.0780029296875,1150775410.0,146.0780029296875,2.422450278242072,16.41120784402658,20.78056612128181,172.06495003622086,184.1181888528066,102.0652730758876
2021-12-15,150.61129760742188,154.86322021484375,142.0965576171875,153.51541137695312,153.51541137695312,1356025651.0,153.51541137695312,2.5457867957268476,27.57313278282842,19.483282212943447,171.92755106107785,184.31576347873636,102.18209335118124
2021-12-16,153.51084899902344,156.61610412597656,148.71083068847656,148.9417266845703,148.9417266845703,1001741958.0,148.9417266845703,2.4699401690380425,22.343193273714338,22.109177966856453,171.8318285916021,184.46960468030954,102.29138361264582
2021-12-17,148.98037719726562,150.3484649658203,142.02572631835938,144.33840942382812,144.33840942382812,973529667.0,144.33840942382812,2.3936021376063765,21.409585183502866,23.77530374668188,171.70769042134935,184.58845081068065,102.39567242800918
2021-12-18,144.26478576660156,150.2078857421875,143.17318725585938,148.80140686035156,148.80140686035156,782184567.0,148.80140686035156,2.4676132081650546,25.480951148109053,23.07790986844209,171.666410477435,184.69644231926904,102.50445655578892
2021-12-19,148.71047973632812,160.16497802734375,147.891845703125,153.07763671875,153.07763671875,1587190278.0,153.07763671875,2.5385270624247576,40.98418514904286,29.29157382688493,171.66522020850675,184.7855347306761,102.61428373850644
2021-12-20,153.26048278808594,157.30357360839844,145.53555297851562,152.62867736816406,152.62867736816406,1590290392.0,152.62867736816406,2.531081850401495,38.795818007624334,35.08698476825875,171.65175620323973,184.88954208583047,102.72554589362994
2021-12-21,152.505615234375,156.4102020263672,149.45191955566406,154.92709350585938,154.92709350585938,1053723085.0,154.92709350585938,2.569197095001026,47.20564030756381,42.328547821410346,171.81645911378288,185.02631386534807,102.83793966737512
2021-12-22,155.0339813232422,159.9808349609375,153.37020874023438,155.46749877929688,155.46749877929688,1111879486.0,155.46749877929688,2.578158779024269,53.95787228647188,46.65311020055335,172.01244170809053,185.14079915921982,102.94936233764369
2021-12-23,155.5389404296875,165.08154296875,153.58148193359375,163.44949340820312,163.44949340820312,1337153835.0,163.44949340820312,2.710526313642248,92.92131098501244,64.69494119301605,172.2024663289388,185.30965513464523,103.06831469078587
2021-12-24,163.55247497558594,166.69239807128906,160.67201232910156,161.42103576660156,161.42103576660156,1085980228.0,161.42103576660156,2.6768878624055814,78.6296166848638,75.16959998544938,172.34965994579545,185.4462459198416,103.18729798478078
2021-12-25,161.49082946777344,163.69915771484375,157.7855987548828,157.7855987548828,157.7855987548828,959492046.0,157.7855987548828,2.6166004459298193,63.891361568273275,78.48076307938318,172.52505805844166,185.53063496628852,103.30309679562643
2021-12-26,157.77371215820312,158.3427734375,153.33297729492188,155.99234008789062,155.99234008789062,1248012717.0,155.99234008789062,2.5868623616892634,56.62139549845195,66.38079125052968,172.68535905848435,185.6033285062607,103.41971582038218
2021-12-27,155.88499450683594,161.08070373535156,154.733642578125,155.8812255859375,155.8812255859375,1057977478.0,155.8812255859375,2.5850197204238112,56.17093139423033,58.89456282031853,172.81395654730457,185.6810388016374,103.53238284838254
2021-12-28,155.98207092285156,155.98207092285156,145.17674255371094,145.88687133789062,145.88687133789062,1315031071.0,145.88687133789062,2.4192806923465686,15.653287392015738,42.815204761566015,172.86049218516533,185.72442656216555,103.63678638162133
2021-12-29,145.9368133544922,150.60934448242188,144.5751953125,145.5126190185547,145.5126190185547,1081715291.0,145.5126190185547,2.4130743668428964,14.136048572427168,28.65342245289109,172.87038129796096,185.76955482796447,103.74047231979021
2021-12-30,145.58570861816406,149.8709259033203,143.23793029785156,148.2860107421875,148.2860107421875,838034968.0,148.2860107421875,2.4590662575988396,25.3795262146973,18.389620726380077,172.89305986081317,185.82111628284193,103.84806847245726
2021-12-31,148.20953369140625,152.25169372558594,144.5597381591797,146.51473999023438,146.51473999023438,1051011688.0,146.51473999023438,2.4296928047869457,14.207758757716423,17.907777848280304,172.9418970743815,185.88090920644262,103.95266647164681
2022-01-01,146.536865234375,150.7519989013672,146.45693969726562,150.6974334716797,150.6974334716797,691648227.0,150.6974334716797,2.499055520491688,31.80418863426998,23.797157868894576,173.0170541148368,185.94794232094125,104.05975665610674
2022-01-02,150.685302734375,152.93603515625,148.66310119628906,151.2554931640625,151.2554931640625,680239631.0,151.2554931640625,2.5083099724281595,34.183520784432105,26.731822725472842,173.07703116161576,185.9871494659006,104.16864139957515
2022-01-03,151.26339721679688,151.26339721679688,146.6741943359375,148.4615936279297,148.4615936279297,755658603.0,148.4615936279297,2.461977995176642,22.27150656555931,29.419738661420478,173.0964614367876,185.9550152504281,104.2746299168835
2022-01-04,148.4677734375,151.33206176757812,146.5630645751953,146.81228637695312,146.81228637695312,789511706.0,146.81228637695312,2.434627095459332,15.239553136010908,23.898193495334116,173.14421577662065,185.9331110288019,104.37679924986678
2022-01-05,146.81129455566406,149.54522705078125,132.1007537841797,136.089111328125,136.089111328125,1304198400.0,136.089111328125,2.2568018386807633,11.529829316126436,16.346963005898896,173.12838774300664,185.871451683567,104.4651921781775
2022-01-06,136.0773162841797,137.7505340576172,133.3151397705078,136.5037841796875,136.5037841796875,1136595284.0,136.5037841796875,2.2636784685942386,12.72859526122211,13.165992571119828,173.12364767939667,185.78237459365636,104.55532689029224
2022-01-07,136.4918670654297,136.52577209472656,128.08090209960938,131.4884490966797,131.4884490966797,1364180297.0,131.4884490966797,2.180507836304328,9.566855361700705,11.275093313016427,173.1191665149126,185.67791568285799,104.63935312941739
2022-01-08,131.49484252929688,134.629150390625,126.74758911132812,130.13748168945312,130.13748168945312,1002118315.0,130.13748168945312,2.158104385367864,9.873536424665176,10.722995682529339,173.09493639169494,185.55971734033872,104.72259691665161
2022-01-09,130.13734436035156,132.4771728515625,128.80877685546875,131.29832458496094,131.29832458496094,710682825.0,131.29832458496094,2.177354951084947,13.25465377512994,10.898348520498615,173.08024259473456,185.4331814282561,104.81157620051135
2022-01-10,131.3038787841797,131.51531982421875,122.6286849975586,126.83382415771484,126.83382415771484,1097888042.0,126.83382415771484,2.10331895603236,12.60783288861643,11.912007696137193,173.03973980679538,185.3118635830814,104.89788322797105
2022-01-11,126.8260498046875,133.20668029785156,126.28759002685547,131.54498291015625,131.54498291015625,834900749.0,131.54498291015625,2.1814453515320817,29.41958919506752,18.42735861960464,173.02884828327782,185.29074784370317,104.98844081408357
2022-01-12,131.5546875,141.74012756347656,131.27281188964844,141.73719787597656,141.73719787597656,881585292.0,141.73719787597656,2.350465556386187,63.049104518753566,35.02550886747918,173.08576298281145,185.31568287888618,105.09017990147142
2022-01-13,141.7368621826172,142.0492401123047,135.3616943359375,136.6365203857422,136.6365203857422,886433982.0,136.6365203857422,2.2658796683152174,46.21926798231316,46.22932056537809,173.11622152693283,185.28613542530636,105.1854112059014
2022-01-14,136.6469268798828,146.0211944580078,136.36302185058594,144.72491455078125,144.72491455078125,1204657825.0,144.72491455078125,2.4000116546695325,72.9071642275727,60.725178909546486,173.2213218146986,185.26597195978033,105.28880649897606
2022-01-15,144.72024536132812,149.92144775390625,144.45794677734375,147.93740844726562,147.93740844726562,1001838786.0,147.93740844726562,2.453285293255181,83.50688304054556,67.54443841681048,173.3682964304106,185.2761085614766,105.39484667320774
2022-01-16,147.93226623535156,148.78028869628906,144.2544708251953,146.533203125,146.533203125,756580688.0,146.533203125,2.429998983849181,83.28120527062691,79.89841751291506,173.5131386511964,185.28232164774855,105.49954489442311
2022-01-17,146.5348358154297,153.14288330078125,145.17018127441406,151.66726684570312,151.66726684570312,1608309071.0,151.66726684570312,2.515138524637647,95.16416443121075,87.31741758079443,173.68885040283203,185.3076269907494,105.60945884843939
2022-01-18,151.65390014648438,152.90213012695312,139.51914978027344,141.89076232910156,141.89076232910156,1278790664.0,141.89076232910156,2.3530121564542332,63.12496608999447,80.52344526394405,173.8458228606344,185.27953568550006,105.7093127646947
2022-01-19,141.8882598876953,142.82635498046875,133.73797607421875,136.9167022705078,136.9167022705078,926249070.0,136.9167022705078,2.270525998844774,46.82416077580592,68.37109709900373,174.00711914229262,185.23413644032937,105.80587924452132
2022-01-20,136.8967742919922,142.53172302246094,130.36119079589844,130.36500549316406,130.36500549316406,706911161.0,130.36500549316406,2.1618774729686816,25.3531828650023,45.10076991026758,174.0776388866654,185.1805298060587,105.89642914027384
2022-01-21,130.3922882080078,130.82464599609375,112.4258804321289,114.3918685913086,114.3918685913086,1680709016.0,114.3918685913086,1.896990705924616,4.828420612199048,25.66858808433577,174.0429726272333,185.13740205111569,105.97196105190608
2022-01-22,114.4232406616211,116.67909240722656,99.7610092163086,108.42849731445312,108.42849731445312,2098519931.0,108.42849731445312,1.7980985379105676,16.236762471899933,15.47278864970044,173.95651953858757,185.05838025236784,106.04175697918896
2022-01-23,108.46219635009766,112.39445495605469,106.59941864013672,112.08950805664062,112.08950805664062,1135598050.0,112.08950805664062,1.8588100503436074,23.094915740168926,14.72003294142265,173.879474910882,184.98807481739618,106.11418930820135
2022-01-24,112.10081481933594,112.19467163085938,98.66522216796875,109.59159851074219,109.59159851074219,1645918728.0,109.59159851074219,1.8173865536286515,20.056617915618187,19.796098709229028,173.7810794017354,184.900716703232,106.18415258398883
2022-01-25,109.59247589111328,109.68234252929688,106.33942413330078,108.06637573242188,108.06637573242188,909091096.0,108.06637573242188,1.792093379642,17.256896439687104,20.136143365158087,173.6537782429346,184.82022951727043,106.2525688868135
2022-01-26,108.06230163574219,115.78300476074219,105.84998321533203,107.28218078613281,107.28218078613281,1064088735.0,107.28218078613281,1.7790888667945157,15.817416605233026,17.71031032017945,173.5044028693861,184.74496079536334,106.32077833550161
2022-01-27,107.26136016845703,109.46898651123047,103.78439331054688,106.9535140991211,106.9535140991211,825647673.0,106.9535140991211,1.7736384999259074,15.214111176590533,16.096141407170233,173.32471382683093,184.70113625722388,106.38996030380737
2022-01-28,106.92748260498047,109.83932495117188,105.81873321533203,109.43273162841797,109.43273162841797,683706404.0,109.43273162841797,1.8147520219704183,19.76499951824075,16.932175766688115,173.15045941462282,184.63523432065364,106.46149968360658
2022-01-29,109.43119812011719,111.85406494140625,108.31248474121094,110.82367706298828,110.82367706298828,592402655.0,110.82367706298828,1.8378184391408137,22.318239517254824,19.09911673736205,172.95946844549127,184.56896337221747,106.53354783254127
2022-01-30,110.83002471923828,112.042724609375,107.72004699707031,108.79985809326172,108.79985809326172,537737428.0,108.79985809326172,1.8042569122305265,18.6032875027169,20.228842179404168,172.76201842261142,184.50156565627006,106.60400233682432
2022-01-31,108.7991714477539,110.9894027709961,105.02007293701172,109.58769989013672,109.58769989013672,691404381.0,109.58769989013672,1.817321901768816,20.13845946090416,20.35332882695864,172.59181167519156,184.44681739284567,106.6741033597624
2022-02-01,109.58943939208984,116.3658218383789,108.66441345214844,115.4020004272461,115.4020004272461,824048434.0,115.4020004272461,1.9137419901559989,37.89934087592048,25.547029279847195,172.449169554997,184.40147510685333,106.74808251193669
2022-02-02,115.40450286865234,115.88226318359375,108.43699645996094,108.55602264404297,108.55602264404297,743395485.0,108.55602264404297,1.8002133242846428,22.54750272624342,26.861767687689365,172.28668417174958,184.30845880377782,106.81668229995798
2022-02-03,108.53465270996094,110.28700256347656,106.41796875,110.28700256347656,110.28700256347656,683428425.0,110.28700256347656,1.8289186235313863,36.13802429303473,32.19495596506622,172.1099844760582,184.1842806463372,106.88625159241838
2022-02-04,110.29109954833984,120.92221069335938,109.00498962402344,120.91803741455078,120.91803741455078,953726676.0,120.91803741455078,2.0052158949650725,99.98124958008657,52.888925533121586,171.98693564159623,184.1178966574473,106.96539441635619
2022-02-05,120.92329406738281,123.39488220214844,119.2457046508789,121.91674041748047,121.91674041748047,736360985.0,121.91674041748047,2.0217776518265262,94.02279779574414,76.71402388962183,171.84549187832192,184.02766247056934,107.04665811791267
2022-02-06,121.91934967041016,127.44550323486328,121.42715454101562,127.44550323486328,127.44550323486328,782675364.0,127.44550323486328,2.1134625924520494,100.0,98.00134912527692,171.69019530249423,183.95021251521698,107.1327065959913
2022-02-07,127.44465637207031,139.24339294433594,125.56070709228516,137.10739135742188,137.10739135742188,1131143500.0,137.10739135742188,2.2736882465644057,93.97613692158801,95.9996449057774,171.6205759517482,183.91176680473433,107.21822501578832
2022-02-08,137.14239501953125,142.35386657714844,130.99807739257812,133.99124145507812,133.99124145507812,1373203815.0,133.99124145507812,2.222012305994421,78.31802092741631,90.76471928300145,171.4428430776127,183.8207316986502,107.29968707811886
2022-02-09,133.96217346191406,140.7852020263672,132.8143310546875,140.17160034179688,140.17160034179688,1036393461.0,140.17160034179688,2.3245028371113747,94.34198590095538,88.8787145833199,171.3046528133538,183.7058197230509,107.38493291602288
2022-02-10,140.1739044189453,143.23289489746094,135.08839416503906,135.08839416503906,135.08839416503906,1276403767.0,135.08839416503906,2.240206680467066,78.6864714130468,83.78215941380618,171.10876456505613,183.57681698733813,107.46886520211555
2022-02-11,135.0928497314453,135.0928497314453,125.37024688720703,126.03115844726562,126.03115844726562,1080587719.0,126.03115844726562,2.090008137602367,54.98438595296798,76.00428108899007,170.89510407995004,183.41663933322855,107.54384466894142
2022-02-12,126.01290893554688,127.5803451538086,122.20375061035156,126.68367767333984,126.68367767333984,832593853.0,126.68367767333984,2.1008290370469096,56.69197830704638,63.454278557687076,170.5858012965468,183.22335706736945,107.62118351383296
2022-02-13,126.6707763671875,128.6428985595703,124.2199478149414,126.20421600341797,126.20421600341797,688706404.0,126.20421600341797,2.0928779969695905,55.437264194547375,55.70454281818726,170.27701956326845,182.94932039861808,107.69841060725521
2022-02-14,126.1347885131836,126.63776397705078,122.24359893798828,124.80005645751953,124.80005645751953,712457600.0,124.80005645751953,2.0695924466852325,49.931073157367486,54.020105219653765,169.94858109104177,182.70375817703874,107.77338813015315
2022-02-15,124.79279327392578,132.11190795898438,124.23802185058594,131.7626190185547,131.7626190185547,783234535.0,131.7626190185547,2.1850544688582483,68.84340923851796,58.07058219681095,169.6912484507743,182.49576257157,107.85390672204701
2022-02-16,131.76052856445312,131.76744079589844,126.02102661132812,128.1608428955078,128.1608428955078,715637001.0,128.1608428955078,2.1253252598298342,59.05994231366232,59.278141569849275,169.46894356982955,182.27004825121736,107.93083135700661
2022-02-17,128.1046600341797,128.73141479492188,115.7144546508789,116.30241394042969,116.30241394042969,938120691.0,116.30241394042969,1.9286737863320078,21.320101998965747,49.74115118371535,169.18974033209795,181.9394424647501,107.99316856175253
2022-02-18,116.33308410644531,121.5430679321289,114.9232177734375,115.19709014892578,115.19709014892578,1205742846.0,115.19709014892578,1.9103439086462823,0.967416104000263,27.115820138876117,168.86025225529906,181.63349051279565,108.05465934962443
2022-02-19,115.19397735595703,116.9888687133789,113.67295837402344,115.7090072631836,115.7090072631836,686244892.0,115.7090072631836,1.9188331659677123,6.887866242695793,9.725128115220611,168.48910735083408,181.30207406658016,108.11303655720192
2022-02-20,115.70782470703125,115.70782470703125,109.14817810058594,110.83203887939453,110.83203887939453,736479992.0,110.83203887939453,1.837957105360735,4.940222296237402,4.265168214311163,168.1125821806694,180.98210735582325,108.16936572523421
2022-02-21,110.83516693115234,114.31229400634766,103.37959289550781,103.45049285888672,103.45049285888672,980192105.0,103.45049285888672,1.7155469693196312,0.17790235643568905,4.001996965122971,167.6597810755662,180.6429817095195,108.21835637375645
2022-02-22,103.43082427978516,107.60649871826172,101.27152252197266,107.52279663085938,107.52279663085938,902125484.0,107.52279663085938,1.7830790631849187,14.897687456329237,6.671937369667451,167.22489783281836,180.36740910778306,108.26935351471923
2022-02-23,107.51875305175781,110.81077575683594,105.79009246826172,105.96595001220703,105.96595001220703,740588315.0,105.96595001220703,1.7572614626639842,11.18749751134599,8.754362441370315,166.85543956652364,180.17297357010514,108.32532370406199
2022-02-24,105.941650390625,106.20594024658203,92.61260986328125,104.2304916381836,104.2304916381836,1676181000.0,104.2304916381836,1.7284818960166075,27.34890812989294,17.811364365856065,166.45449566450276,179.96160917935305,108.37830765432419
2022-02-25,104.23491668701172,110.33592987060547,102.05580139160156,109.26631164550781,109.26631164550781,903266080.0,109.26631164550781,1.8119922352412707,42.16201954241362,26.899475061217526,166.1330788617577,179.77082690931346,108.43654982858597
2022-02-26,109.26405334472656,113.2392578125,107.20553588867188,108.24365997314453,108.24365997314453,773091210.0,108.24365997314453,1.7950333312408266,39.57298196031408,36.36130321087356,165.76291085331817,179.60054064188918,108.49377561421154
2022-02-27,108.23714447021484,109.87517547607422,102.35350799560547,103.10559844970703,103.10559844970703,706861756.0,103.10559844970703,1.7098274938289673,26.56500011975465,36.10000054082746,165.36756392515423,179.41151365515304,108.54571017435153
2022-02-28,103.10042572021484,113.47457885742188,102.22742462158203,113.47457885742188,113.47457885742188,930577763.0,113.47457885742188,1.8817790469032916,52.81604990446669,39.65134399484515,165.0329757023379,179.27054765257117,108.60597258441524
2022-03-01,113.47608184814453,115.579833984375,110.73099517822266,112.5440444946289,112.5440444946289,951568702.0,112.5440444946289,1.8663477486869087,50.90415194397929,43.428400656066884,164.73308158832822,179.09878366548722,108.66398964276597
2022-03-02,112.54029846191406,114.24375915527344,109.67251586914062,110.35135650634766,110.35135650634766,838169853.0,110.35135650634766,1.8299858220396321,49.112219179563695,50.944140342669904,164.3980659109647,178.9137944051664,108.72058419528072
2022-03-03,110.35635375976562,112.50371551513672,108.96234893798828,111.35211944580078,111.35211944580078,905649306.0,111.35211944580078,1.8465817393749717,64.77432724336381,54.930232788968944,164.01762848734205,178.70236003300914,108.77987194496747
2022-03-04,111.41283416748047,112.35623168945312,100.20732116699219,101.39179992675781,101.39179992675781,930473366.0,101.39179992675781,1.6814071182384858,36.01532998752756,49.96729213681837,163.56830909603931,178.4840399128117,108.82394440359177
2022-03-05,101.40840148925781,105.35140991210938,100.21807861328125,104.97718811035156,104.97718811035156,548783174.0,104.97718811035156,1.7408645617190974,53.53740301063448,51.442353413841964,162.97820644691342,178.27640040149427,108.86886943486184
2022-03-06,104.98062133789062,105.60908508300781,101.54561614990234,101.59391784667969,101.59391784667969,563304861.0,101.59391784667969,1.6847588933280462,39.10489110936898,42.88587470251034,162.3729357276458,178.0534196200436,108.90942184065031
2022-03-07,101.59587860107422,103.66204071044922,97.23695373535156,98.8692626953125,98.8692626953125,756482342.0,98.8692626953125,1.639575214080185,27.24165880492699,39.96131764164349,161.64908478950542,177.80166661510728,108.94848094051831
2022-03-08,98.861572265625,102.16033172607422,98.49970245361328,100.61764526367188,100.61764526367188,699527175.0,100.61764526367188,1.668569106071126,34.85417026535033,33.73357339321544,160.99931360463626,177.55150211281972,108.9873218118328
2022-03-09,100.62169647216797,109.04586029052734,100.62169647216797,106.94209289550781,106.94209289550781,812074655.0,106.94209289550781,1.7734490990762521,62.391009713124014,41.49561292780045,160.6103939202314,177.2865821942891,109.03276494169889
2022-03-10,106.93419647216797,106.97227478027344,100.6696548461914,102.65550994873047,102.65550994873047,814685365.0,102.65550994873047,1.7023635568052047,29.540378282017006,42.261852753497124,160.18925096689026,177.01846890384203,109.07590219680577
2022-03-11,102.64948272705078,106.56657409667969,100.50381469726562,104.9653549194336,104.9653549194336,764305866.0,104.9653549194336,1.740668328774665,42.13297518798056,44.68812106104053,159.77716656460788,176.75467443596827,109.11970886334981
2022-03-12,104.96475982666016,107.76637268066406,104.80728149414062,105.8323974609375,105.8323974609375,536251476.0,105.8323974609375,1.7550467252737247,46.85983667174381,39.51106338058046,159.40304832250044,176.43961413657829,109.16527891986446
2022-03-13,105.81227111816406,107.20188903808594,101.9041748046875,102.11479949951172,102.11479949951172,535011513.0,102.11479949951172,1.6933968119710159,26.592583596133164,38.52846515195252,158.98461242842544,176.09861826439428,109.20685939179164
2022-03-14,102.11121368408203,105.77667236328125,101.50162506103516,105.67365264892578,105.67365264892578,743010065.0,105.67365264892578,1.7524142179398696,45.99440654377811,39.815608937218364,158.56078276087027,175.79828280096186,109.24949354232719
2022-03-15,105.66586303710938,108.43423461914062,102.769775390625,106.98857116699219,106.98857116699219,713675630.0,106.98857116699219,1.7742198605833335,57.33950139876076,43.30883051289069,158.16463316203468,175.53999226191272,109.29072077328756
2022-03-16,106.97649383544922,111.36539459228516,106.00885772705078,111.35919189453125,111.35919189453125,977477844.0,111.35919189453125,1.8466990236686458,92.50316709519277,65.27902501257722,157.7723933985976,175.29428968037644,109.33648827435219
2022-03-17,111.35095977783203,111.42870330810547,108.8695297241211,110.31023406982422,110.31023406982422,616556664.0,110.31023406982422,1.8293038777646535,86.46762348149127,78.77009732514828,157.34108642411363,175.03193982268033,109.38219186268985
2022-03-18,110.3034439086914,112.78976440429688,108.48085021972656,112.1158676147461,112.1158676147461,644181133.0,112.1158676147461,1.8592471778890713,95.66704177209353,91.5459441162592,156.93987219972038,174.78968930179127,109.42922410137577
2022-03-19,112.0879135131836,116.3732681274414,111.79776000976562,116.3732681274414,116.3732681274414,741516370.0,116.3732681274414,1.9298487801134037,100.0,94.0448884178616,156.59391146800556,174.5576606645976,109.4799334364939
2022-03-20,116.35651397705078,117.76000213623047,111.93087768554688,114.82913970947266,114.82913970947266,859708742.0,114.82913970947266,1.9042420888886455,85.71916622955341,93.79540266721564,156.2306342620016,174.32210645283737,109.53057344863404
2022-03-21,114.83430480957031,116.62821197509766,113.74230194091797,116.15872955322266,116.15872955322266,833192537.0,116.15872955322266,1.9262910300183396,91.68614918046684,92.46843847000677,155.9050502672873,174.10219132932897,109.58202068903675
2022-03-22,116.15018463134766,123.14498901367188,115.76655578613281,122.92796325683594,122.92796325683594,1124098345.0,122.92796325683594,2.038547028457041,99.04145538653145,92.14892359885057,155.72179312784164,173.9264382558326,109.63825753791147
2022-03-23,122.92251586914062,124.09307098388672,119.09693908691406,122.47541809082031,122.47541809082031,872780593.0,122.47541809082031,2.0310423519051626,93.14241672814468,94.62334043171433,155.58018406101914,173.74857921861621,109.69510826041164
2022-03-24,122.46806335449219,127.2931900024414,120.85211944580078,126.5812759399414,126.5812759399414,1007870447.0,126.5812759399414,2.099130881933967,97.34255071501255,96.50880760989624,155.38985222154628,173.60865133625188,109.75637267822545
2022-03-25,126.58251953125,127.09410095214844,122.37696075439453,124.06736755371094,124.06736755371094,822120492.0,124.06736755371094,2.0574420722051654,87.49272308191088,92.6592301750227,155.17263377038506,173.47442169189452,109.81548120681553
2022-03-26,124.0710678100586,125.3609390258789,122.28739166259766,124.88133239746094,124.88133239746094,560151992.0,124.88133239746094,2.0709402671604353,90.64865737903159,91.82797705865168,155.02317801720457,173.31168925664196,109.87267746424565
2022-03-27,124.88927459716797,129.39747619628906,123.67554473876953,129.39747619628906,129.39747619628906,740569100.0,129.39747619628906,2.1458326779453656,100.0,92.71379348698083,154.90413986789724,173.15981811105388,109.93498521743844
2022-03-28,129.400634765625,132.4124755859375,127.85274505615234,127.93861389160156,127.93861389160156,943699101.0,127.93861389160156,2.1216399772989303,84.90737461547648,91.85201066483603,154.7800838282851,173.00340749662217,109.99584092614857
2022-03-29,127.91148376464844,131.78604125976562,127.72942352294922,130.0612335205078,130.0612335205078,837905297.0,130.0612335205078,2.1568399417529966,91.09500039730986,92.00079167092879,154.69654095759157,172.82693203442716,110.0592557846139
2022-03-30,130.0547332763672,133.9067840576172,127.10261535644531,131.16934204101562,131.16934204101562,928949835.0,131.16934204101562,2.1752159993386044,89.23366184284595,88.41201228521078,154.64502303326717,172.64744503073496,110.12356075652659
2022-03-31,131.16636657714844,132.77642822265625,122.52271270751953,123.71601104736328,123.71601104736328,1352615724.0,123.71601104736328,2.051615434042719,59.91976902312529,80.0828104210937,154.5291617555045,172.44529958228543,110.18112972207265
2022-04-01,123.73169708251953,125.9663314819336,120.12483215332031,124.8831787109375,124.8831787109375,854575075.0,124.8831787109375,2.070970885066659,59.185872125565155,69.44643433051213,154.3747092075035,172.22823289845087,110.22559540108459
2022-04-02,124.88237762451172,128.0952911376953,124.46917724609375,124.9234848022461,124.9234848022461,761262628.0,124.9234848022461,2.0716392916723567,59.12205347403474,59.4092315409084,154.14952495971013,171.98630164159488,110.26212649584905
2022-04-03,124.90180969238281,129.3058319091797,124.21853637695312,128.9462127685547,128.9462127685547,676091829.0,128.9462127685547,2.1383492567994606,75.39946099109383,64.56912886356459,153.92923690712516,171.79944685844526,110.302277463103
2022-04-04,128.90708923339844,128.90708923339844,122.1119613647461,124.86170196533203,124.86170196533203,849319392.0,124.86170196533203,2.070614730496332,50.137991887877064,61.55316878433522,153.67924637090965,171.58251204817262,110.33532206391635
2022-04-05,124.85990905761719,127.07330322265625,123.19573211669922,123.21317291259766,123.21317291259766,662578353.0,123.21317291259766,2.0432767358469337,27.793902190241276,51.1104516897374,153.43702247494556,171.3144137656852,110.3633035755593
2022-04-06,123.20003509521484,123.24894714355469,112.46133422851562,112.46133422851562,112.46133422851562,1017954203.0,112.46133422851562,1.8649761424002587,0.0,25.97729802603946,153.1013407889611,170.97139029306908,110.38170445585904
2022-04-07,112.4710464477539,114.8778305053711,111.46580505371094,114.23019409179688,114.23019409179688,635873842.0,114.23019409179688,1.8943096148056795,12.318486807570858,13.370796332604053,152.7490157664148,170.68318897404083,110.4042954623427
2022-04-08,114.23804473876953,115.08161926269531,110.61835479736328,110.88206481933594,110.88206481933594,747638227.0,110.88206481933594,1.8387866987950643,1.1323649999131848,4.483617269161357,152.3780339975826,170.36504936740823,110.42630012024483
2022-04-09,110.87825775146484,112.78964233398438,110.57122039794922,112.77727508544922,112.77727508544922,519806313.0,112.77727508544922,1.8702154734524175,9.453616461439223,7.6348227563077655,152.03270554672824,170.06618610538848,110.44858280164466
2022-04-10,112.77835845947266,114.36927032470703,111.17377471923828,111.17377471923828,111.17377471923828,510044015.0,111.17377471923828,1.8436242014581075,2.582128848811514,4.389370103387983,151.6584711960756,169.67044249234135,110.4773460719139
2022-04-11,111.15314483642578,111.15314483642578,102.59768676757812,102.60739135742188,102.60739135742188,807193871.0,102.60739135742188,1.7015655934392881,0.030996070419563006,4.022247126890109,151.26114233465142,169.25666970030903,110.49893824782
2022-04-12,102.64373016357422,105.67218780517578,102.25173950195312,104.82841491699219,104.82841491699219,638546461.0,104.82841491699219,1.7383974163829043,8.139857173500694,3.584327364243933,150.8535049521858,168.87402324937796,110.52323697756414
2022-04-13,104.82460021972656,110.66858673095703,104.24492645263672,110.48245239257812,110.48245239257812,806829114.0,110.48245239257812,1.832159819901776,26.964117360654967,11.711656868191751,150.5129841455345,168.44525880160398,110.54839216432615
2022-04-14,110.47949981689453,112.1144790649414,106.3903579711914,107.41104125976562,107.41104125976562,736401323.0,107.41104125976562,1.7812257942164798,19.070319122715688,18.05809788562379,150.1292831337517,167.97310161851857,110.57428836387042
2022-04-15,107.41422271728516,112.62550354003906,107.39665985107422,111.10934448242188,111.10934448242188,802528770.0,111.10934448242188,1.8425557377471253,32.740351615353944,26.258262699574875,149.75218450827677,167.49233103712945,110.60146650375296
2022-04-16,111.1059341430664,114.53565216064453,110.54190063476562,114.43070983886719,114.43070983886719,639352139.0,114.43070983886719,1.8976348206377727,45.017109255015605,32.275926664361755,149.34571771673816,166.95484604508908,110.63352425806055
2022-04-17,114.40483093261719,114.96900939941406,108.76372528076172,109.04278564453125,109.04278564453125,673093200.0,109.04278564453125,1.8082854442638459,25.477235192929125,34.4115653544329,148.92415206158748,166.418634722984,110.65815248707113
2022-04-18,109.0355224609375,111.32576751708984,105.70491027832031,111.22614288330078,111.22614288330078,810603033.0,111.22614288330078,1.8444926366164474,36.1556728751231,35.55000577435595,148.5279532260582,165.97514794754656,110.68432319153389
2022-04-19,111.2291030883789,113.99000549316406,110.82780456542969,113.81208801269531,113.81208801269531,653731832.0,113.81208801269531,1.8873760507690611,55.05659946819682,38.896502512083025,148.13590590680232,165.56937498327804,110.71382053497175
2022-04-20,113.81503295898438,113.92158508300781,111.04325103759766,111.97969055175781,111.97969055175781,669392298.0,111.97969055175781,1.8569889175246757,75.82262056399772,55.67829763577256,147.7153587549762,165.16126086091342,110.7454626649482
2022-04-21,111.97532653808594,114.22015380859375,106.3016357421875,106.99798583984375,106.99798583984375,747220318.0,106.99798583984375,1.7743759866010187,36.993693054034225,55.957637695409595,147.16960573456979,164.74534958094767,110.77290550649982
2022-04-22,106.99688720703125,108.34490203857422,105.54610443115234,105.60062408447266,105.60062408447266,668097133.0,105.60062408447266,1.751203165880483,26.3333609298341,46.383224849288695,146.6708704213627,164.34130100616036,110.8009928124136
2022-04-23,105.60206604003906,107.1333236694336,105.31648254394531,105.5043716430664,105.5043716430664,502713461.0,105.5043716430664,1.749606986108103,25.576496900193057,29.634516961353807,146.20465233808008,163.9690971479024,110.83039502879801
2022-04-24,105.49246215820312,105.93083953857422,104.10662841796875,104.62260437011719,104.62260437011719,487505921.0,104.62260437011719,1.734984405480897,18.642876083312636,23.517577971113273,145.70363099978923,163.6397460101402,110.8608740140314
2022-04-25,104.62039947509766,104.75668334960938,99.51075744628906,104.68701934814453,104.68701934814453,802054036.0,104.68701934814453,1.7360526161513317,33.48542847892351,25.90160048747641,145.23249074800418,163.31386699937795,110.88970658985991
2022-04-26,104.67106628417969,105.1731948852539,97.59080505371094,98.40467834472656,98.40467834472656,702800418.0,98.40467834472656,1.6318708885364854,4.6832991189729025,18.937201227069693,144.70301051739136,162.9056443932938,110.9137100376495
2022-04-27,98.41316986083984,101.74410247802734,98.2237319946289,100.53875732421875,100.53875732421875,692599516.0,100.53875732421875,1.6672608864415754,16.963503316363713,18.377410304753386,144.17333775921597,162.4697169264702,110.94184881236455
2022-04-28,100.54241180419922,104.09369659423828,100.00948333740234,103.32334899902344,103.32334899902344,780434505.0,103.32334899902344,1.7134385089592385,32.986975128589215,18.211259187975287,143.75797834552702,162.04456128682176,110.97414376071599
2022-04-29,103.31861877441406,104.0232162475586,99.0388412475586,100.37800598144531,100.37800598144531,861249271.0,100.37800598144531,1.6645951042757505,16.038486326255732,21.996321590402896,143.26836291036972,161.61933591659755,110.99797675598703
2022-04-30,100.37875366210938,101.41122436523438,95.9476318359375,96.16598510742188,96.16598510742188,604900808.0,96.16598510742188,1.5947460446390935,1.1479361615934733,16.72446587214615,142.72093817705664,161.1398808518501,111.01853220517232
2022-05-01,96.1678695678711,99.78279876708984,95.4847183227539,99.43577575683594,99.43577575683594,592413785.0,99.43577575683594,1.6489698504798609,21.088687461085293,12.758369982978175,142.22341593758006,160.65385961663233,111.04196471645407
2022-05-02,99.4337158203125,101.51068115234375,98.60585021972656,100.69322967529297,100.69322967529297,613922891.0,100.69322967529297,1.669822542422186,27.80032178315594,16.67898180194491,141.72547524874327,160.19245923186003,111.06147768377713
2022-05-03,100.69754791259766,101.26874542236328,97.839599609375,99.343017578125,99.343017578125,542363905.0,99.343017578125,1.647431616992813,20.59359259776576,23.16086728066901,141.18879778919325,159.65722363615689,111.08091072012844
2022-05-04,99.33872985839844,106.80409240722656,99.26563262939453,106.27486419677734,106.27486419677734,768693782.0,106.27486419677734,1.7623842685441102,57.59218077518711,35.32869838536961,140.67267854617594,159.10938902554446,111.1085732743076
2022-05-05,106.27082061767578,106.71279907226562,95.52877807617188,96.91891479492188,96.91891479492188,842334241.0,96.91891479492188,1.6072320774051563,11.152223824016232,29.77933239898971,140.07054071478504,158.39947624729103,111.12860629460583
2022-05-06,96.9092788696289,98.20873260498047,94.0890121459961,96.79175567626953,96.79175567626953,769940452.0,96.79175567626953,1.6051233640042164,20.71971008525253,29.821371561485297,139.4903427290786,157.69613764514662,111.14878780591434
2022-05-07,96.7942123413086,97.03630828857422,93.34791564941406,94.5708999633789,94.5708999633789,551811127.0,94.5708999633789,1.5682943245066203,9.088646321881832,13.653526743716874,138.91675238270577,157.0065960818774,111.1670075455757
2022-05-08,94.57154846191406,95.5822982788086,92.00299072265625,93.97643280029297,93.97643280029297,729348318.0,93.97643280029297,1.5584361178242876,13.33307560270308,14.380477336612492,138.34904784322435,156.31511029805222,111.18508909216754
2022-05-09,93.97541809082031,94.77955627441406,77.9571533203125,77.9571533203125,77.9571533203125,1207155617.0,77.9571533203125,1.292784156165181,0.0,7.47390730819498,137.67093766843035,155.46992229304902,111.18581101404477
2022-05-10,77.83116912841797,84.61721801757812,74.82234954833984,80.2268295288086,80.2268295288086,1720920553.0,80.2268295288086,1.330422798893869,16.898641216380785,10.077238939694631,136.8596296466765,154.70525794878398,111.17759600948526
2022-05-11,80.2115478515625,82.39093017578125,65.52423858642578,66.38880157470703,66.38880157470703,1899877236.0,66.38880157470703,1.1009431099918363,2.0943945006064912,6.331011905662435,135.78576130684607,153.85320317516587,111.16099627246595
2022-05-12,66.40777587890625,69.25701904296875,55.322547912597656,64.40274810791016,64.40274810791016,1925404691.0,64.40274810791016,1.0680078584361214,17.637777351959286,12.210271022982198,134.71002238956305,153.19927955522928,111.13939308793577
2022-05-13,64.38304901123047,72.84160614013672,63.49441146850586,67.96253967285156,67.96253967285156,1140599762.0,67.96253967285156,1.1270408263986342,24.552471928212338,14.761547926926047,133.6437701449368,152.51723354809906,111.11778772955071
2022-05-14,67.94561004638672,69.99917602539062,64.62065887451172,68.95030975341797,68.95030975341797,743433183.0,68.95030975341797,1.1434212797079464,26.471159664298927,22.887136314823525,132.6459119202661,151.81234711947508,111.08783863537933
2022-05-15,68.93971252441406,71.5303726196289,66.55667114257812,71.5303726196289,71.5303726196289,741432120.0,71.5303726196289,1.1862071467295752,31.482786435675447,27.502139342728913,131.62644291445207,151.18702616234347,111.0658704034814
2022-05-16,71.51973724365234,71.51973724365234,65.45767211914062,67.21134948730469,67.21134948730469,722439504.0,67.21134948730469,1.1145836402549638,23.09332731061982,27.015757803531404,130.47455134157275,150.55849001113683,111.04597644718815
2022-05-17,67.21218872070312,73.51004028320312,67.21218872070312,72.96931457519531,72.96931457519531,802347484.0,72.96931457519531,1.2100695029415085,34.27785012246233,29.617987956252545,129.4374252069192,149.9864352082553,111.03343683704394
2022-05-18,72.96766662597656,74.03701782226562,66.41563415527344,66.41563415527344,66.41563415527344,756026173.0,66.41563415527344,1.1013880817942667,21.585973978235472,26.31905047043922,128.540246015038,149.36121962037805,111.00703906229097
2022-05-19,66.38671112060547,72.20411682128906,65.17798614501953,72.0966796875,72.0966796875,801021670.0,72.0966796875,1.1955983670818624,39.11313607218985,31.658986724295897,127.68009615205025,149.0395114219352,110.98932491110884
2022-05-20,72.0771713256836,72.90673828125,67.09920501708984,68.65829467773438,68.65829467773438,729408177.0,68.65829467773438,1.1385787162339571,31.969658560959967,30.88958953712844,126.93821299401789,148.64603787774908,110.968457827285
2022-05-21,68.6545639038086,70.42964935302734,68.1723403930664,69.7057876586914,69.7057876586914,449401029.0,69.7057876586914,1.1559495702454083,35.72610265901019,35.602965764053344,126.12710483738634,148.34332212683273,110.95155848150384
2022-05-22,69.70726776123047,72.30361938476562,69.52865600585938,71.77400207519531,71.77400207519531,449155414.0,71.77400207519531,1.1902473186280702,41.69463131046236,36.46346417681085,125.27844033996915,148.0753206017899,110.9356655399549
2022-05-23,71.76394653320312,73.74264526367188,68.99034881591797,69.01275634765625,69.01275634765625,736854342.0,69.01275634765625,1.1444568481477793,46.732761918800655,41.384498629424414,124.44369069083793,147.87119291122644,110.90745524402078
2022-05-24,69.01382446289062,70.5352783203125,67.68013763427734,70.32154846191406,70.32154846191406,588236113.0,70.32154846191406,1.166160895011501,55.411514450632446,47.94630255996517,123.68502144735368,147.55976119368043,110.877911162703
2022-05-25,70.31922149658203,71.43646240234375,68.29042053222656,68.31311798095703,68.31311798095703,529431480.0,68.31311798095703,1.132854559493168,69.41457669419958,57.186284354544235,122.87586374751857,147.24418646407455,110.8385454238822
2022-05-26,68.31510925292969,68.71247863769531,61.34075164794922,63.8281364440918,63.8281364440918,721052783.0,63.8281364440918,1.058478920765965,19.59146698715541,48.13918604399583,122.07816725350469,146.87323797565617,110.78904363031256
2022-05-27,63.80057907104492,63.928550720214844,61.28740310668945,61.56392288208008,61.56392288208008,646210455.0,61.56392288208008,1.0209308665532109,2.168848091172524,30.39163059084252,121.23624891270705,146.51280737053858,110.74030642748967
2022-05-28,61.55788040161133,62.68661117553711,61.55788040161133,62.31327819824219,62.31327819824219,615552947.0,62.31327819824219,1.033357624571068,8.04632229630771,9.935545791545229,120.51186983702613,146.19771864381556,110.69211651701906
2022-05-29,63.063594818115234,64.26547241210938,62.10664367675781,63.74662780761719,63.74662780761719,418602793.0,63.74662780761719,1.0571272414224153,19.28861974098171,9.834596709487329,119.79368516265369,145.9235776091275,110.65097592323337
2022-05-30,63.74580001831055,69.29692840576172,63.4140739440918,69.12091827392578,69.12091827392578,587913790.0,69.12091827392578,1.1462505260673281,61.44119129863699,29.592044445308815,119.08202778967352,145.64451649286977,110.60950008897477
2022-05-31,69.11026763916016,69.56275177001953,67.18134307861328,68.41138458251953,68.41138458251953,532691935.0,68.41138458251953,1.134484140617792,55.876053000462264,45.535288013360336,118.3308866740576,145.3167841872124,110.56912759058007
2022-06-01,68.41702270507812,70.07642364501953,62.54636764526367,62.96781921386719,62.96781921386719,754343388.0,62.96781921386719,1.0442120518881286,13.491637384470213,43.60296056118983,117.53828163355426,144.9879817805878,110.52188100074524
2022-06-02,62.96444320678711,64.6100082397461,62.394325256347656,64.45135498046875,64.45135498046875,497215110.0,64.45135498046875,1.0688139190995516,25.40257213711082,31.59008750734778,116.74855541792073,144.65150884340886,110.48259586874208
2022-06-03,64.45580291748047,64.7627182006836,61.78827667236328,62.659263610839844,62.659263610839844,445994255.0,62.659263610839844,1.0390951924608642,11.014322217583898,16.636177246388325,115.97899060692292,144.29417482140946,110.4465880528977
2022-06-04,62.65883255004883,64.20510864257812,61.72530746459961,63.74738311767578,63.74738311767578,365451394.0,63.74738311767578,1.0571397669295066,19.75055948315915,18.722484612617972,115.29946966119151,143.97876488672543,110.40996530785408
2022-06-05,63.749755859375,63.78080749511719,62.06110763549805,63.2078742980957,63.2078742980957,358399957.0,63.2078742980957,1.0481929490384183,15.41897915111696,15.394620283953351,114.75386949966514,143.67788586551197,110.36622160994298
2022-06-06,63.21474838256836,66.29419708251953,63.08821487426758,64.41727447509766,64.41727447509766,500130108.0,64.41727447509766,1.0682487530371527,30.839029285683413,22.002855973319857,114.25117815778555,143.3704278919795,110.31785892678178
2022-06-07,64.4180679321289,65.3266830444336,60.5591926574707,63.90550994873047,63.90550994873047,578504158.0,63.90550994873047,1.059762026121196,30.764312826176234,25.674107087658886,113.71576280020625,143.10240791007263,110.26795342676171
2022-06-08,63.89841079711914,64.25390625,61.54667663574219,61.54667663574219,61.54667663574219,590606981.0,61.54667663574219,1.020644867474623,10.375748782007989,23.993030297955897,113.16523719745906,142.82949175899975,110.2190167832048
2022-06-09,61.543853759765625,62.28816604614258,59.836326599121094,60.215972900390625,60.215972900390625,461393198.0,60.215972900390625,0.9985774543849755,3.707448274834412,14.949169961006227,112.59142576540754,142.52285426936737,110.1561350765838
2022-06-10,60.21354293823242,60.21354293823242,56.479984283447266,56.658416748046875,56.658416748046875,631581518.0,56.658416748046875,0.9395815568626423,1.31234700390688,5.131848020249777,112.07155206815793,142.21725249617066,110.083649850436
2022-06-11,56.66562271118164,57.678855895996094,52.23197555541992,52.29166030883789,52.29166030883789,735247033.0,52.29166030883789,0.8671664762959341,0.33447239790372213,1.7847558922150213,111.54528629323823,141.91426930884793,110.00752009039056
2022-06-12,52.30757522583008,52.59090042114258,48.13050842285156,48.228904724121094,48.228904724121094,674269221.0,48.228904724121094,0.7997927225531208,0.44835815810561114,0.6983925199720877,110.94521519395171,141.602526959981,109.93160880624431
2022-06-13,48.21331787109375,48.21331787109375,41.629676818847656,43.30030059814453,43.30030059814453,1135771941.0,43.30030059814453,0.7180603727340741,5.87281136048868,2.2185473054993543,110.31186184075361,141.25285414604292,109.84964262557357
2022-06-14,43.314002990722656,46.132015228271484,40.68040466308594,46.132015228271484,46.132015228271484,1038406218.0,46.132015228271484,0.765019447721942,18.54540428939046,8.288857935994935,109.77413567298098,140.90541008727192,109.76562885824404
2022-06-15,46.133480072021484,50.64122009277344,41.901668548583984,50.49177169799805,50.49177169799805,1082980140.0,50.49177169799805,0.8373184459375754,38.305015025686195,20.907743558521798,109.25180654056737,140.55426583486062,109.68651426306599
2022-06-16,50.51575469970703,50.88089370727539,44.331329345703125,44.6997184753418,44.6997184753418,754689123.0,44.6997184753418,0.7412672906683587,15.691990262271126,24.180803192449275,108.65718526788096,140.22067893041324,109.60456140770759
2022-06-17,44.70615768432617,48.25876235961914,44.57722473144531,47.684913635253906,47.684913635253906,624241753.0,47.684913635253906,0.7907715740012623,27.346629727714728,27.114545005224034,108.10386934957869,139.89363569494796,109.52467663734471
2022-06-18,47.68170166015625,48.20722579956055,41.93596267700195,47.247257232666016,47.247257232666016,878504763.0,47.247257232666016,0.7835138017634136,25.637954981620382,22.892191657202094,107.5733166053647,139.59470862819722,109.44307304103624
2022-06-19,47.23798751831055,55.684326171875,45.20140075683594,54.32316589355469,54.32316589355469,1408560758.0,54.32316589355469,0.9008554723819245,53.26333955965759,35.41597475633092,107.05704206456252,139.32355166918612,109.36895735405352
2022-06-20,54.321990966796875,54.37226486206055,51.61100387573242,52.90559387207031,52.90559387207031,867331545.0,52.90559387207031,0.8773474994564875,49.60257698880987,42.834623843362635,106.50965385228558,139.0435872953232,109.29043848220616
2022-06-21,52.89878463745117,55.45185852050781,52.14239501953125,53.5076789855957,53.5076789855957,683095131.0,53.5076789855957,0.887332036632061,54.41395405437069,52.4266235342794,105.96800905238084,138.84830296137562,109.20971211995165
2022-06-22,53.52071762084961,53.57326889038086,50.77501678466797,52.10539245605469,52.10539245605469,571710882.0,52.10539245605469,0.8640775470748835,52.874462978508554,52.29699800722972,105.40614183352945,138.66337887489632,109.13229040381026
2022-06-23,52.109195709228516,56.43814468383789,52.04600524902344,55.76283264160156,55.76283264160156,675234042.0,55.76283264160156,0.9247298480198545,77.21456616987224,61.500994400917186,104.86130759233986,138.4636195457145,109.05944115451481
2022-06-24,55.76162338256836,56.961769104003906,54.882591247558594,55.99228286743164,55.99228286743164,589158085.0,55.99228286743164,0.9285348819897694,90.07807825868787,73.38903580235625,104.27410972053237,138.24857209088051,108.9859278099722
2022-06-25,55.99024200439453,59.52711868286133,55.081539154052734,58.96992874145508,58.96992874145508,560628121.0,58.96992874145508,0.9779139735118955,97.0435698190061,88.11207141585543,103.71426760564086,138.06578355554032,108.91990483079327
2022-06-26,58.955406188964844,60.300819396972656,56.87559509277344,56.87614440917969,56.87614440917969,486759815.0,56.87614440917969,0.9431921924320926,82.54534863690644,89.88899890486682,103.162849822331,137.87460242493512,108.86736727326972
2022-06-27,56.86295700073242,58.51468276977539,55.249855041503906,55.92555618286133,55.92555618286133,456437012.0,55.92555618286133,0.9274283356764184,77.70045499316207,85.7631244830249,102.61603679552756,137.6652261812393,108.80871472815944
2022-06-28,55.91389083862305,56.72005081176758,52.752288818359375,52.81161117553711,52.81161117553711,519374670.0,52.81161117553711,0.8757889594655185,59.29590292971905,73.18056885326253,102.0528148588587,137.43355703484522,108.73487804360586
2022-06-29,52.80720138549805,54.23308181762695,51.790496826171875,53.42253875732422,53.42253875732422,557459009.0,53.42253875732422,0.8859201336382534,62.54650529253129,66.51428773847083,101.54754528191572,137.1862135482161,108.67202272284521
2022-06-30,53.447410583496094,53.736392974853516,50.4050178527832,53.64842987060547,53.64842987060547,632075268.0,53.64842987060547,0.8896661459005101,63.77652367342945,61.87297729855995,101.04555517728211,136.93830285268288,108.60906812241089
2022-07-01,53.699031829833984,55.61848831176758,50.38762283325195,51.11524200439453,51.11524200439453,628538818.0,51.11524200439453,0.8476576194401926,49.982852942221164,58.76862730272732,100.51456736997177,136.70141987212716,108.54685035426867
2022-07-02,51.13259506225586,51.41740036010742,49.99398422241211,50.48544692993164,50.48544692993164,448609019.0,50.48544692993164,0.8372135606307188,34.99503059707111,49.5848024042406,99.98981713466956,136.46454795941915,108.4810250844041
2022-07-03,50.484867095947266,51.498252868652344,49.34320831298828,50.97217559814453,50.97217559814453,402299367.0,50.97217559814453,0.8452851112686902,14.866080504875242,33.281321348055855,99.4448703703333,136.21986982789758,108.41800705199917
2022-07-04,50.97188186645508,52.282711029052734,49.877628326416016,52.24381637573242,52.24381637573242,425036720.0,52.24381637573242,0.8663730676598692,26.471171868690103,25.444094323545503,98.90382295618943,135.96600123366264,108.35763381714146
2022-07-05,52.238739013671875,52.33161544799805,48.23786163330078,49.83059310913086,49.83059310913086,559357113.0,49.83059310913086,0.8263539459824387,13.203490445988782,18.180247606518062,98.3648557402397,135.72424055125614,108.29553972531671
2022-07-06,49.8358039855957,50.592315673828125,49.25436019897461,50.361087799072266,50.361087799072266,429814449.0,50.361087799072266,0.8351512801702088,17.601206995565157,19.09195643674803,97.83780001030594,135.48143355487144,108.23164950679971
2022-07-07,50.360191345214844,52.406734466552734,49.85165786743164,52.14289474487305,52.14289474487305,478192342.0,52.14289474487305,0.8646994574800148,32.37210299560564,21.05893347905321,97.37907751531549,135.24793130534968,108.16667910536674
2022-07-08,52.140445709228516,53.74789810180664,50.95570373535156,51.5649528503418,51.5649528503418,565652402.0,51.5649528503418,0.8551152937104096,27.58105667136377,25.851455554178205,96.91493089602945,135.02671610165947,108.10469932207778
2022-07-09,51.55635452270508,54.49441909790039,51.478233337402344,54.16061782836914,54.16061782836914,444782359.0,54.16061782836914,0.8981598946916546,49.098706230282914,36.3506219657508,96.49237444101135,134.80641205670082,108.05507407863391
2022-07-10,54.15983963012695,54.881256103515625,51.16180419921875,52.16814041137695,52.16814041137695,616041879.0,52.16814041137695,0.8651181130655256,38.244109981896855,38.30795762784786,96.06631246681422,134.58225000459854,108.0089771270752
2022-07-11,52.16533660888672,52.16533660888672,48.62705612182617,48.77458953857422,48.77458953857422,393277100.0,48.77458953857422,0.8088419586057297,6.32770495895087,31.223507057043562,95.61536309497603,134.34808221059302,107.95735569609899
2022-07-12,48.7748908996582,49.12919235229492,47.53236389160156,47.54238510131836,47.54238510131836,368912014.0,47.54238510131836,0.7884079855090524,0.12393093645461284,14.898581959100797,95.1820765427553,134.11247742535318,107.90851331214382
2022-07-13,47.544437408447266,49.56312561035156,46.662994384765625,49.56312561035156,49.56312561035156,447352506.0,49.56312561035156,0.8219184614889213,32.38382214566271,12.945152680356083,94.73408825149953,133.88848103562447,107.87179426950951
2022-07-14,49.55903625488281,51.504188537597656,48.13614273071289,51.218807220458984,51.218807220458984,420169921.0,51.218807220458984,0.849375068894867,50.87170928626287,27.793154122793414,94.23945223698851,133.66973089975855,107.83553475680417
2022-07-15,51.22144317626953,52.44595718383789,50.814613342285156,51.798065185546875,51.798065185546875,442039141.0,51.798065185546875,0.8589810574116769,62.48366110153882,48.579730844488154,93.77585412114044,133.4678309087884,107.81023624890472
2022-07-16,51.794742584228516,55.255428314208984,51.19859313964844,55.12516403198242,55.12516403198242,426040229.0,55.12516403198242,0.9141552202879731,98.48396527344609,70.61311188708261,93.2862379980869,133.2872394300487,107.77855993993751
2022-07-17,55.12351989746094,56.83445358276367,54.720367431640625,55.721351623535156,55.721351623535156,579886019.0,55.721351623535156,0.9240419572920145,89.05661481247846,83.34141372915447,92.7823251192687,133.111059361288,107.7371315681771
2022-07-18,55.7232666015625,59.00438690185547,55.528221130371094,58.62628936767578,58.62628936767578,604964726.0,58.62628936767578,0.9722153106062472,96.9363462538274,94.82564211325068,92.30195947032158,132.9442491505244,107.7008061186908
2022-07-19,58.61126708984375,59.19778060913086,56.11280059814453,57.98419952392578,57.98419952392578,579491163.0,57.98419952392578,0.9615673643757852,90.31829451669381,92.1037518609999,91.79003014069437,132.7930694162029,107.66187850220562
2022-07-20,57.98867416381836,61.46427917480469,56.781219482421875,57.23776626586914,57.23776626586914,662964095.0,57.23776626586914,0.949189063622736,71.44495921205505,86.2331999941921,91.32744546275322,132.65564005603528,107.62316633773176
2022-07-21,57.240596771240234,58.519569396972656,55.461177825927734,58.099822998046875,58.099822998046875,464802265.0,58.099822998046875,0.9634847791229649,77.26916126212221,79.6774716636237,90.89675213339551,132.49300972925474,107.58908636885691
2022-07-22,58.10052490234375,59.097774505615234,55.72700881958008,56.17611312866211,56.17611312866211,464241227.0,56.17611312866211,0.9315833879833885,64.27224986778583,70.99545678065438,90.49134834998293,132.31613389106647,107.55762836508555
2022-07-23,56.16364669799805,57.15965270996094,54.76734924316406,56.42631912231445,56.42631912231445,380442502.0,56.42631912231445,0.9357326203577707,65.9626841591436,69.16803176301724,90.17459671354034,132.13031719678068,107.52303169807887
2022-07-24,56.42781066894531,59.61155700683594,56.397010803222656,58.48570251464844,58.48570251464844,402627822.0,58.48570251464844,0.9698839215236815,79.87622897330665,70.03705433341206,89.90168526654686,131.94482960113106,107.49110419390952
2022-07-25,58.48329544067383,58.794830322265625,54.366275787353516,54.366275787353516,54.366275787353516,445424172.0,54.366275787353516,0.901570375188189,52.044680660235855,65.96119793089538,89.5862577678076,131.7441948041524,107.45463045895372
2022-07-26,54.353599548339844,54.353599548339844,52.19551086425781,53.7901725769043,53.7901725769043,400322025.0,53.7901725769043,0.8920167028045338,48.152429287321766,60.02444630695478,89.28133194303253,131.53166791314948,107.42257671443295
2022-07-27,53.798828125,58.95100402832031,53.15217590332031,58.95100402832031,58.95100402832031,529603132.0,58.95100402832031,0.9776001399731042,81.14308660459069,60.44673218404946,89.01294193372048,131.32436141967773,107.39443212186909
2022-07-28,58.95376205444336,63.92095947265625,58.64144515991211,63.46399688720703,63.46399688720703,757291482.0,63.46399688720703,1.0524402978850167,96.51342501637197,75.26964696942817,88.7734983058575,131.11512138680237,107.36980890247919
2022-07-29,63.46464157104492,64.30512237548828,60.12721252441406,60.92249298095703,60.92249298095703,664571137.0,60.92249298095703,1.0102938643264197,74.1912650278043,83.94925888292234,88.52196267133202,130.89485071260634,107.34273634087549
2022-07-30,60.917049407958984,63.77112579345703,60.22955322265625,60.44015121459961,60.44015121459961,667982996.0,60.44015121459961,1.0022950628457976,68.08344217067332,79.59604407161656,88.25424365267727,130.66105653945715,107.30796974391153
2022-07-31,60.44405746459961,62.79286193847656,59.896419525146484,59.909507751464844,59.909507751464844,502294495.0,59.909507751464844,0.9934952615126914,63.70143980302804,68.65871566716858,87.97602414824271,130.42811488321382,107.27210653122157
2022-08-01,59.91562271118164,60.570430755615234,58.44951629638672,59.53544616699219,59.53544616699219,467875340.0,59.53544616699219,0.98729209901586,60.612475436782674,64.13245247016137,87.70681971148716,130.20564888732073,107.23977242561236
2022-08-02,59.53025817871094,59.72209167480469,56.88901901245117,58.24385452270508,58.24385452270508,524322092.0,58.24385452270508,0.9658732921090838,49.946636626930804,58.08685062224719,87.42625225046294,129.97753476704636,107.20658792817974
2022-08-03,58.23983383178711,60.00974655151367,56.97088623046875,57.80519104003906,57.80519104003906,472558915.0,57.80519104003906,0.9585988191951132,46.32419603699777,52.294436033570435,87.11151558714486,129.75702611844832,107.17426044864742
2022-08-04,57.805233001708984,60.375362396240234,57.7509651184082,59.848575592041016,59.848575592041016,437413922.0,59.848575592041016,0.9924848073471783,63.198267926974715,53.156366863634446,86.8453546742924,129.53024674507037,107.1404832134508
2022-08-05,59.839481353759766,62.40865707397461,59.70073318481445,62.40127182006836,62.40127182006836,463122316.0,62.40127182006836,1.0348168461472211,84.27818635094702,64.60021677163986,86.58368401449235,129.30823386205387,107.11247550058583
2022-08-06,62.40816116333008,62.433921813964844,60.789920806884766,60.91834259033203,60.91834259033203,291347560.0,60.91834259033203,1.0102250372975536,72.03230027639329,73.16958485143836,86.25581682966055,129.0701993236803,107.085083486827
2022-08-07,60.920589447021484,61.940494537353516,60.20869064331055,61.1023063659668,61.1023063659668,276519336.0,61.1023063659668,1.0132757573959617,73.55145533321867,76.62064732018635,85.92349751790364,128.81057611752863,107.05866403274885
2022-08-08,61.10433578491211,63.9603385925293,60.94041061401367,62.59212875366211,62.59212875366211,384554405.0,62.59212875366211,1.0379818773128728,85.8542644391396,77.1460066829172,85.56910749341621,128.5715196687881,107.03871220802063
2022-08-09,62.59897994995117,62.782325744628906,58.754459381103516,59.2599983215332,59.2599983215332,406076522.0,59.2599983215332,0.9827242743161038,54.76420453962441,71.38997477066091,85.14371190305616,128.27766663015706,107.01482227098997
2022-08-10,59.25986862182617,62.17228317260742,58.078102111816406,61.603851318359375,61.603851318359375,543530224.0,61.603851318359375,1.0215930104053632,63.57560129767855,68.06469009214754,84.74815239411234,127.99312808938222,106.98911558699935
2022-08-11,61.606346130371094,63.256103515625,61.574462890625,61.90461349487305,61.90461349487305,472762678.0,61.90461349487305,1.026580629373093,67.63112967680973,61.99031183803758,84.32046394139691,127.69441211648183,106.9673396820347
2022-08-12,61.9041862487793,62.962833404541016,60.873382568359375,62.932228088378906,62.932228088378906,370984475.0,62.932228088378906,1.0436218348115471,85.46083948677891,72.22252348708908,83.92616795190696,127.41441540652758,106.94772880066475
2022-08-13,62.934349060058594,65.3356704711914,62.72484588623047,63.7535285949707,63.7535285949707,391896085.0,63.7535285949707,1.0572416790099326,81.26900483642461,78.12032466667111,83.5858530346813,127.08692894504495,106.93648545948882
2022-08-14,63.75997543334961,65.62770080566406,62.91333770751953,63.30875778198242,63.30875778198242,411725410.0,63.30875778198242,1.0498659266169044,73.46346876387348,80.06443769569235,83.23954199702362,126.7597987658357,106.92454005376389
2022-08-15,63.30583572387695,65.17250061035156,60.03242111206055,60.82551574707031,60.82551574707031,487425277.0,60.82551574707031,1.0086856651280427,45.046802570114366,66.59309205680417,82.88228133988511,126.41985689973178,106.91166824096959
2022-08-16,60.807071685791016,61.54142761230469,60.23854064941406,61.34233856201172,61.34233856201172,400419587.0,61.34233856201172,1.0172562749854301,50.49723883504045,56.33583672300946,82.5355178541173,126.09790579390852,106.9012067037086
2022-08-17,61.337974548339844,64.56123352050781,60.03407287597656,60.3741569519043,60.3741569519043,564337359.0,60.3741569519043,1.001200662478717,33.303032342957486,42.94902458270412,82.14541696850719,125.80073187841128,106.8866899969371
2022-08-18,60.39039993286133,61.56446075439453,59.82616424560547,60.04568862915039,60.04568862915039,375531380.0,60.04568862915039,0.9957535851372235,26.062133858021042,36.62080167867301,81.77320301076753,125.50661977480536,106.87096625027591
2022-08-19,60.04190444946289,60.10254669189453,53.635345458984375,54.0316276550293,54.0316276550293,598011455.0,54.0316276550293,0.8960208164250384,3.3044567525647923,20.88987431784779,81.43292549008228,125.17384777330372,106.85163754154014
2022-08-20,54.02425765991211,55.569393157958984,53.15416717529297,54.18755340576172,54.18755340576172,473723831.0,54.18755340576172,0.8986065745177793,8.284630972193934,12.550407194259941,81.09954004339833,124.81921497501739,106.83448923363534
2022-08-21,54.18001174926758,55.935054779052734,53.987640380859375,55.492027282714844,55.492027282714844,346325352.0,55.492027282714844,0.9202390109066149,18.74256467092495,10.110550798561244,80.77048550798594,124.47882013190282,106.81795355566017
2022-08-22,55.497440338134766,57.2607421875,52.51923370361328,57.25567626953125,57.25567626953125,766070930.0,57.25567626953125,0.9494860699651315,36.13269598225536,21.0532972084581,80.47771849918887,124.12523816252408,106.80138082460725
2022-08-23,57.24626922607422,57.5816650390625,54.28071212768555,57.07943344116211,57.07943344116211,524532444.0,57.07943344116211,0.9465633883836584,34.78819988673884,29.887820179973072,80.2243247318789,123.76899981564038,106.78641810134121
2022-08-24,57.0779914855957,57.46327209472656,55.827903747558594,56.47816848754883,56.47816848754883,471510182.0,56.47816848754883,0.9365924521375024,30.201355758189173,33.70741720906114,79.94539233765316,123.44818161219767,106.77196150305065
2022-08-25,56.47560501098633,57.36817169189453,56.08835220336914,56.79257583618164,56.79257583618164,432646387.0,56.79257583618164,0.9418063526146572,32.59986159556221,32.5298057468301,79.67668537494264,123.11719353035704,106.7563773917281
2022-08-26,56.78224182128906,57.95991134643555,52.51424026489258,52.744449615478516,52.744449615478516,567680603.0,52.744449615478516,0.8746752014965694,1.755519451712888,21.518912268488112,79.39534088301528,122.80119041547384,106.7380287362016
2022-08-27,52.758628845214844,53.28228759765625,52.11684036254883,53.05023956298828,53.05023956298828,392990718.0,53.05023956298828,0.8797461973246354,6.908510411822719,13.75463048636596,79.08814923229113,122.46438448135167,106.72490060362097
2022-08-28,53.04772186279297,55.6735725402832,52.711055755615234,53.61201858520508,53.61201858520508,485789560.0,53.61201858520508,0.8890623278945111,11.452337103425224,6.705455655653632,78.7896156727942,122.13057059719138,106.7153243165038
2022-08-29,53.610782623291016,56.5727424621582,52.94242477416992,55.77189254760742,55.77189254760742,526456711.0,55.77189254760742,0.9248800908448149,29.37107610362627,15.910641206291425,78.53096154218163,121.80472859421822,106.7075059742688
2022-08-30,55.77510070800781,56.06769561767578,52.30454635620117,53.05681228637695,53.05681228637695,464828759.0,53.05681228637695,0.8798551945403856,7.553376945720755,16.12559671759077,78.20080981228521,121.4913920049798,106.69698612265391
2022-08-31,53.05765914916992,55.09647750854492,53.05765914916992,53.85666275024414,53.85666275024414,439496760.0,53.85666275024414,0.8931193269894017,18.415456120537648,18.44663638996158,77.88011373717929,121.1686452578192,106.68576415075015
2022-09-01,53.85836410522461,57.57414627075195,53.549686431884766,57.52796936035156,57.52796936035156,584763245.0,57.52796936035156,0.9540015785317332,67.76018018491405,31.243004417057506,77.59146134840334,120.83044197396056,106.67716416485233
2022-09-02,57.524898529052734,62.07897186279297,56.644378662109375,61.04099655151367,61.04099655151367,761493332.0,61.04099655151367,1.0122590404769027,89.5807909055019,58.585475736984556,77.31653717958211,120.49461662606018,106.66977762544536
2022-09-03,61.03767776489258,61.95997619628906,59.83968734741211,60.134803771972656,60.134803771972656,529966061.0,60.134803771972656,0.9972314051936032,80.48441650491498,79.27512919844366,77.09108911316251,120.0759010942015,106.66324719119834
2022-09-04,60.142940521240234,60.91429138183594,58.82038879394531,60.90089416503906,60.90089416503906,404022021.0,60.90089416503906,1.0099356854317139,88.17444140618868,86.07988293886854,76.85023504788758,119.660948860482,106.65914246546079
2022-09-05,60.90159606933594,61.32762908935547,59.51828384399414,60.416404724121094,60.416404724121094,450815584.0,60.416404724121094,1.001901268494059,83.3111303677217,83.98999609294181,76.62522131497742,119.19268151897273,106.65474812930033
2022-09-06,60.4139518737793,62.34904861450195,54.3062744140625,54.31306076049805,54.31306076049805,671460963.0,54.31306076049805,0.9006878962794739,21.463796903566774,64.31645622582575,76.38174480167243,118.74004395367348,106.6413000463895
2022-09-07,54.302589416503906,58.10066223144531,53.299686431884766,57.41590118408203,57.41590118408203,623767136.0,57.41590118408203,0.9521431222320748,51.78804702808621,52.187658099791584,76.14566969741237,118.40936314831042,106.62930601111286
2022-09-08,57.41305923461914,58.4691162109375,56.34557342529297,58.003257751464844,58.003257751464844,539805386.0,58.003257751464844,0.9618834120193651,57.528318853287765,43.59338759498027,75.8782443687564,118.07587982595783,106.61817452243474
2022-09-09,58.00151824951172,61.653663635253906,57.855316162109375,61.23288345336914,61.23288345336914,610797768.0,61.23288345336914,1.0154411518794972,89.09164929359447,66.13600505832284,75.65189121850852,117.74945813531745,106.6094160646064
2022-09-10,61.225059509277344,64.44889831542969,60.87065124511719,63.431644439697266,63.431644439697266,611529013.0,63.431644439697266,1.0519037886646,91.62364629131645,79.41453814606625,75.4249310519526,117.44572007688757,106.60348866954786
2022-09-11,63.427024841308594,64.26847839355469,61.82975387573242,62.24362564086914,62.24362564086914,467207228.0,62.24362564086914,1.032202557732772,81.84116631365616,87.51882063285571,75.18674104200686,117.12669283723179,106.59711291692028
2022-09-12,62.246158599853516,62.94322967529297,60.38718795776367,61.36201477050781,61.36201477050781,527623332.0,61.36201477050781,1.0175825707711759,74.58173515321954,82.68218258606407,74.96404822928007,116.7927956672564,106.59014798342909
2022-09-13,61.36082077026367,67.06636810302734,58.63788986206055,59.10230255126953,59.10230255126953,1001779466.0,59.10230255126953,0.9801091635198758,43.14918256928426,66.52402801205334,74.70955997738031,116.46298294067383,106.57968223084053
2022-09-14,59.061370849609375,60.84946823120117,58.701507568359375,60.14519119262695,60.14519119262695,622750084.0,60.14519119262695,0.997403662546179,49.725161983599776,55.81869323536788,74.45358522342202,116.12601341352071,106.57039457173109
2022-09-15,60.14997100830078,60.608158111572266,56.19339370727539,56.35026168823242,56.35026168823242,629471575.0,56.35026168823242,0.9344713397497446,22.159118146402747,38.344487566428946,74.15298997639307,115.76193355403534,106.55557918287303
2022-09-16,56.35547637939453,56.75113296508789,54.940608978271484,55.844261169433594,55.844261169433594,471316851.0,55.844261169433594,0.926080198900531,18.483573589725047,30.122617906575883,73.85536170917781,115.40660804853047,106.53879656334446
2022-09-17,55.85560607910156,58.34921646118164,55.85560607910156,57.81655502319336,57.81655502319336,354646581.0,57.81655502319336,0.9587872711427164,32.81014771175218,24.48427981596002,73.55864415403272,115.07272441289196,106.52039238394123
2022-09-18,57.81219482421875,57.821388244628906,52.83761978149414,52.84428405761719,52.84428405761719,447780228.0,52.84428405761719,0.8763307825374286,0.04683669970436847,17.113519333727222,73.21149123561838,114.72076664754789,106.49827791849772
2022-09-19,52.832515716552734,53.63090515136719,50.42839050292969,52.87487030029297,52.87487030029297,687424376.0,52.87487030029297,0.8768380023144952,14.704189752899547,15.853724721452055,72.87294331534964,114.38414820840914,106.47793616203413
2022-09-20,52.88425064086914,53.530235290527344,51.1770133972168,52.36106491088867,52.36106491088867,561066601.0,52.36106491088867,0.8683174312253367,11.616041651286036,8.789022701296673,72.52432219708552,114.0989346334379,106.45861610691297
2022-09-21,52.35625076293945,55.26560592651367,50.69179916381836,51.236183166503906,51.236183166503906,681284602.0,51.236183166503906,0.849663218818107,4.8551133015678385,10.391781568584497,72.13256383593617,113.8327601289096,106.43909105100589
2022-09-22,51.23323440551758,53.88665771484375,50.80744552612305,53.51061248779297,53.51061248779297,480101560.0,53.51061248779297,0.8873806836772797,18.525220185686454,11.665458379513467,71.75570697471744,113.5371398821269,106.4269072354112
2022-09-23,53.51188659667969,55.22101593017578,51.89682388305664,55.08971405029297,55.08971405029297,560635011.0,55.08971405029297,0.9135673438364542,28.01616674454425,17.13216674393287,71.3650427020964,113.23925322441205,106.42623698439228
2022-09-24,55.09682846069336,55.630455017089844,53.438209533691406,53.5192985534668,53.5192985534668,451262561.0,53.5192985534668,0.8875247270088313,18.57742644465976,21.70627112496351,70.97953412832459,112.96880819242294,106.4224573405366
2022-09-25,53.5197868347168,54.27486801147461,52.55524826049805,52.63199996948242,52.63199996948242,385124912.0,52.63199996948242,0.8728104191832284,13.244455062493895,19.946016083899327,70.58472903308973,112.6988096785872,106.4198010675439
2022-09-26,52.63922882080078,53.624149322509766,52.22364044189453,53.432064056396484,53.432064056396484,464070272.0,53.432064056396484,0.8860780941999066,18.05311694522997,16.624999484127898,70.16961749134168,112.43248418520575,106.41712637949207
2022-09-27,53.43476486206055,55.31169128417969,52.032012939453125,52.73725891113281,52.73725891113281,507500545.0,52.73725891113281,0.8745559561386534,22.15575460049937,17.817775536074436,69.7586811253282,112.17875180179125,106.41443689250511
2022-09-28,52.73012161254883,53.66436767578125,51.35790252685547,53.30842590332031,53.30842590332031,479078426.0,53.30842590332031,0.8840277699052566,28.291759803489892,22.8335437830731,69.33926687605394,111.93960468867054,106.41351349538864
2022-09-29,53.30769348144531,53.956153869628906,52.44720458984375,53.91404724121094,53.91404724121094,406391539.0,53.91404724121094,0.8940709492276672,44.006228096072185,31.484580833353835,68.91710679518069,111.69027707870693,106.41155654524015
2022-09-30,53.91484069824219,54.98878860473633,53.03111267089844,53.397037506103516,53.397037506103516,412604499.0,53.397037506103516,0.8854972396235752,37.479008108757625,36.592332002773254,68.53285010916288,111.41698678421648,106.40912637405744
2022-10-01,53.40304183959961,53.70939636230469,52.705291748046875,52.90686798095703,52.90686798095703,256914103.0,52.90686798095703,0.8773686283421872,33.52466164094467,38.33663261525819,68.13953693577501,111.10678038923707,106.40583682299749
2022-10-02,52.90461349487305,53.39273452758789,51.91116714477539,51.9116325378418,51.9116325378418,270394848.0,51.9116325378418,0.8608643749451078,28.51256517243655,33.172078307379635,67.74056506547771,110.7852809540213,106.4016037805984
2022-10-03,51.91643142700195,54.23301696777344,51.77304458618164,54.17620849609375,54.17620849609375,361537838.0,54.17620849609375,0.8984184388708604,70.55379916718097,44.197008660187414,67.33198580715826,110.4662843469071,106.39915902995628
2022-10-04,54.17231750488281,55.60553741455078,53.98905944824219,55.2984619140625,55.2984619140625,346928233.0,55.2984619140625,0.9170290650438172,93.27766273069173,64.11467569010311,66.95185881234258,110.1587728840031,106.39774769648025
2022-10-05,55.29716491699219,55.304988861083984,53.48540115356445,54.579307556152344,54.579307556152344,333262024.0,54.579307556152344,0.9051031375292071,78.20556930467927,80.67901040085069,66.57681036777184,109.8318913080921,106.39698764156533
2022-10-06,54.580135345458984,54.993560791015625,53.464698791503906,53.49364471435547,53.49364471435547,359457748.0,53.49364471435547,0.8870993025886801,49.9875002678514,73.82357743440748,66.25458255621905,109.48884465465807,106.39306558234506
2022-10-07,53.49896240234375,53.78902816772461,52.47561264038086,52.866939544677734,52.866939544677734,350100261.0,52.866939544677734,0.8767064844900351,35.319332442876224,54.50413400513565,65.91926422536048,109.14390002734041,106.38892709218204
2022-10-08,52.86621856689453,53.49382019042969,52.56524658203125,52.79837417602539,52.79837417602539,262572900.0,52.79837417602539,0.8755694467907341,33.91232267497207,39.73971846189992,65.60186700873037,108.8064369933246,106.38287002180265
2022-10-09,52.796817779541016,53.910037994384766,52.747379302978516,53.910037994384766,53.910037994384766,255019662.0,53.910037994384766,0.8940044628238636,60.08368268474313,43.105112600863826,65.28018811752236,108.46192021827176,106.37933938535926
2022-10-10,53.91397476196289,54.36719512939453,52.75587463378906,52.75587463378906,52.75587463378906,381643338.0,52.75587463378906,0.8748646656063617,32.911776645005084,42.302594001573446,64.96096461978766,108.12613200357515,106.37610550797693
2022-10-11,52.747901916503906,52.74837875366211,51.54995346069336,52.0184211730957,52.0184211730957,348076873.0,52.0184211730957,0.8626352792153998,15.550268883835717,36.18190940452799,64.68452215976403,107.77706999060226,106.37248500841393
2022-10-12,52.020790100097656,52.86455154418945,51.87591552734375,52.22134780883789,52.22134780883789,329386156.0,52.22134780883789,0.8660004654539672,16.55481321021458,21.672286246351813,64.39705184769761,107.4467236558052,106.36838213254327
2022-10-13,52.22258758544922,52.44142532348633,48.87171936035156,51.24348449707031,51.24348449707031,535442367.0,51.24348449707031,0.849784298719991,35.22169915535086,22.442260416467075,64.07334164061832,107.10046381493137,106.36314750392687
2022-10-14,51.240760803222656,52.482601165771484,51.03215408325195,51.3155632019043,51.3155632019043,356949435.0,51.3155632019043,0.8509795990053081,36.29209791358633,29.356203426383946,63.76680897363548,106.74757934988361,106.35983367467036
2022-10-15,51.314369201660156,51.612220764160156,50.44257736206055,50.469181060791016,50.469181060791016,256385346.0,50.469181060791016,0.8369438194072951,23.72297094429621,31.74558933774449,63.43544196040253,106.36855208514488,106.35759264628092
2022-10-16,50.46696853637695,51.72751235961914,50.45616149902344,51.480918884277344,51.480918884277344,264200642.0,51.480918884277344,0.8537217361562816,38.74769860018241,32.920922486021674,63.09145403168892,105.99948802582205,106.35448437520903
2022-10-17,51.47489929199219,52.0576286315918,51.15899658203125,51.84383773803711,51.84383773803711,284788683.0,51.84383773803711,0.8597401157934456,44.13719458654113,35.53595471033993,62.77889147482283,105.63815462295324,106.35297948584709
2022-10-18,51.84373092651367,52.15135955810547,50.90192794799805,51.87700271606445,51.87700271606445,302736361.0,51.87700271606445,0.8602900994230062,46.7147125636621,43.1998685834619,62.45457923347181,105.27190874700676,106.35100910239024
2022-10-19,51.878692626953125,51.964622497558594,50.9465446472168,50.98663330078125,50.98663330078125,275310850.0,50.98663330078125,0.8455248671872587,34.54702256474934,41.799643238317536,62.11127073777829,104.89395481266388,106.34740385464882
2022-10-20,50.98495864868164,51.958187103271484,50.721534729003906,51.191001892089844,51.191001892089844,289082998.0,51.191001892089844,0.8489139657575463,42.20348936489228,41.15507483110125,61.77909211122273,104.46743484915119,106.3439816670875
2022-10-21,51.194400787353516,51.774085998535156,49.96644973754883,51.62337112426758,51.62337112426758,369983730.0,51.62337112426758,0.8560840594457547,50.071220028238116,42.2739106526266,61.47649858818679,104.06950110866599,106.34204468923072
2022-10-22,51.623756408691406,52.46562194824219,51.43117904663086,52.180171966552734,52.180171966552734,304008099.0,52.180171966552734,0.8653176355370732,60.20320615074489,50.82597184795844,61.184583549291055,103.6896597143722,106.34437547971125
2022-10-23,52.181556701660156,53.95036697387695,51.944881439208984,53.95036697387695,53.95036697387695,344691478.0,53.95036697387695,0.8946732489903824,92.41506699264059,67.56316439054122,60.902867676781824,103.29963466696543,106.34792132617132
2022-10-24,53.95069122314453,54.16692352294922,52.2632942199707,52.569244384765625,52.569244384765625,397590910.0,52.569244384765625,0.8717697266723127,69.82780853911733,74.14869389416762,60.61842308669794,102.92063071891053,106.3439306720751
2022-10-25,52.56521987915039,56.69667053222656,52.392093658447266,56.02515411376953,56.02515411376953,544831810.0,56.02515411376953,0.9290799945887944,91.41826698074944,84.5537141708358,60.35251125481611,102.53905700265545,106.34324564999098
2022-10-26,56.012290954589844,57.4550895690918,55.77552795410156,56.39167785644531,56.39167785644531,615500789.0,56.39167785644531,0.9351581550552587,87.61079055446498,82.95228869144393,60.12293201717522,102.15254414179553,106.34002892655325
2022-10-27,56.39434051513672,56.6036262512207,54.72449493408203,54.80760955810547,54.80760955810547,531516232.0,54.80760955810547,0.9088891301979374,64.64671728723215,81.22525827414887,59.87303503484674,101.81137561536815,106.33699766707747
2022-10-28,54.80946350097656,55.39767074584961,53.736907958984375,55.00389862060547,55.00389862060547,485918370.0,55.00389862060547,0.9121442437984285,67.26787502636135,73.17512762268618,59.60899432239637,101.44158456880753,106.33255408125925
2022-10-29,55.00160217285156,57.38797378540039,54.776119232177734,56.496177673339844,56.496177673339844,680353979.0,56.496177673339844,0.9368911032434554,87.19511263296558,73.03656831551972,59.369202910876666,101.05843790132705,106.33079627921047
2022-10-30,56.51261520385742,57.30467987060547,54.90853500366211,55.38955307006836,55.38955307006836,476487677.0,55.38955307006836,0.9185396538510725,72.41773478912455,75.62690748281717,59.14638087788566,100.68832066157093,106.3276993546856
2022-10-31,55.38230895996094,56.294715881347656,54.229270935058594,55.084434509277344,55.084434509277344,530884510.0,55.084434509277344,0.9134797918070877,68.34331583381811,75.98538775196943,58.904023821888075,100.31371260342533,106.32450372878819
2022-11-01,55.08561325073242,55.830039978027344,54.63513946533203,55.12718963623047,55.12718963623047,427975211.0,55.12718963623047,0.9141888114206275,68.91424897942134,69.89176653412134,58.65502906757626,99.92349944441285,106.32133492770261
2022-11-02,55.12697219848633,62.11707305908203,54.834171295166016,60.558467864990234,60.558467864990234,1674017428.0,60.558467864990234,1.004257139249576,87.17263178318059,74.81006553214003,58.44309163744984,99.53948240933353,106.32310047759313
2022-11-03,60.563323974609375,64.2907943725586,60.42015075683594,61.92131423950195,61.92131423950195,1257411661.0,61.92131423950195,1.0268575822521149,83.4583696955639,79.84841681938862,58.20072251200025,99.14170481015559,106.32341852231657
2022-11-04,61.91897964477539,69.36846160888672,61.81066131591797,67.59659576416016,67.59659576416016,2151904532.0,67.59659576416016,1.1209722814729675,90.12188251717139,86.91762799863864,58.04049126046603,98.7708242860559,106.32733982904861
2022-11-05,67.59465789794922,71.28485107421875,67.28504943847656,69.72119903564453,69.72119903564453,1505513756.0,69.72119903564453,1.1562051411981833,91.91491988827298,88.49839070033609,57.89256472144622,98.4151620002642,106.3323192387411
2022-11-06,69.68710327148438,70.4658432006836,67.89131164550781,68.08605194091797,68.08605194091797,1004920656.0,68.08605194091797,1.129089063108769,83.18329483852737,88.40669908132394,57.74783877596829,98.0595995027725,106.33802045186361
2022-11-07,68.11200714111328,72.61084747314453,67.28209686279297,67.65226745605469,67.65226745605469,1373144070.0,67.65226745605469,1.1218954999097983,75.47534302789033,83.52451925156358,57.603990877912345,97.69138293331616,106.34452487997812
2022-11-08,67.6431884765625,68.26932525634766,56.00795364379883,57.39180374145508,57.39180374145508,1854346680.0,57.39180374145508,0.9517435079477482,19.36477426839596,59.341137378271235,57.49161191846503,97.22205582710161,106.34035784055109
2022-11-09,57.4444465637207,59.548316955566406,49.33195495605469,50.65857696533203,50.65857696533203,1725423337.0,50.65857696533203,0.8400846219405426,5.698819255698803,33.51297885066171,57.330036767844945,96.64055409888698,106.32831867339948
2022-11-10,50.65410614013672,61.0633430480957,50.26551055908203,60.361053466796875,60.361053466796875,1623775451.0,60.361053466796875,1.0009833639087216,47.3781065943981,24.147233372830968,57.29709825359407,96.09013788928725,106.32691405657764
2022-11-11,60.35039520263672,63.74396514892578,59.21273422241211,61.24228286743164,61.24228286743164,1292495839.0,61.24228286743164,1.015597024856635,51.163636339800824,34.74685406329925,57.27982795173353,95.53713948498033,106.32682454531596
2022-11-12,61.258323669433594,61.48381423950195,58.682254791259766,59.855552673339844,59.855552673339844,694111623.0,59.855552673339844,0.9926005101374319,45.20660813034562,47.91611702151486,57.23552747632636,95.01192630088492,106.32567770100076
2022-11-13,59.861961364746094,60.19234848022461,56.75194549560547,57.48717498779297,57.48717498779297,514877448.0,57.48717498779297,0.9533250746285218,35.03268046687037,43.800974979005616,57.17288739563989,94.46232075103342,106.32390352884929
2022-11-14,57.473968505859375,59.03120040893555,53.97700119018555,56.546199798583984,56.546199798583984,812582160.0,56.546199798583984,0.9377206334176477,30.99049852665057,37.07659570795553,57.09100666984183,93.855577442744,106.32274781144373
2022-11-15,56.54057693481445,59.43242645263672,56.54057693481445,58.00726318359375,58.00726318359375,554300042.0,58.00726318359375,0.9619498351630318,37.2668425749645,34.430007189495164,57.04071111626964,93.294601733064,106.32223806337679
2022-11-16,57.99906921386719,59.97846603393555,56.982696533203125,57.516422271728516,57.516422271728516,589292031.0,57.516422271728516,0.9538100900975627,35.15831910674155,34.47188673611888,56.956269081824466,92.82040172211111,106.32035970295945
2022-11-17,57.51876449584961,62.91094970703125,57.27116012573242,62.48411560058594,62.48411560058594,781698635.0,62.48411560058594,1.0361906665386598,56.498223164507465,42.97446161540452,56.93478537387535,92.36281271111476,106.32554980935572
2022-11-18,62.486942291259766,63.61214065551758,61.68499755859375,62.64376449584961,62.64376449584961,658083895.0,62.64376449584961,1.0388381665249422,57.18403283155442,49.61352503426783,56.88313009960404,91.97437668891803,106.33196056662085
2022-11-19,62.635292053222656,64.29181671142578,61.63325500488281,63.81239700317383,63.81239700317383,536167505.0,63.81239700317383,1.058217909441423,62.20417073745473,58.62880891117222,56.8566497844425,91.55156522776983,106.33974273368104
2022-11-20,63.81458282470703,64.51478576660156,60.910369873046875,62.00232696533203,62.00232696533203,608805129.0,62.00232696533203,1.0282010377778774,54.42858589589511,57.938929821634765,56.81455437081759,91.09929871232542,106.3498973219362
2022-11-21,62.0029411315918,63.187744140625,59.8094596862793,61.37348937988281,61.37348937988281,869131451.0,61.37348937988281,1.017772857262747,63.58609581416823,60.07295081583937,56.75772096811097,90.65985089654792,106.36246166316342
2022-11-22,61.36384963989258,70.49604034423828,61.302490234375,70.44279479980469,70.44279479980469,1313490535.0,70.44279479980469,1.1681715552003618,99.7484155660073,72.58769909202356,56.765535385882266,90.27980918361716,106.382312170229
2022-11-23,70.46426391601562,81.56343841552734,69.78589630126953,79.00006866455078,79.00006866455078,2115042339.0,79.00006866455078,1.3100790980124417,91.80977806986454,85.0480964833467,56.81295899354695,89.90340121543571,106.41360517702147
2022-11-24,78.99910736083984,79.03105163574219,76.00837707519531,78.83014678955078,78.83014678955078,1248286495.0,78.83014678955078,1.3072612384776883,90.09190058270492,93.88336473952559,56.87042909632615,89.5445616317122,106.44374198913575
2022-11-25,78.80712127685547,78.85713958740234,73.60417938232422,74.02890014648438,74.02890014648438,891650503.0,74.02890014648438,1.2276408915866965,72.68752681799194,84.86306849018716,56.9261709744813,89.15659977115997,106.46817628869184
2022-11-26,74.0214614868164,79.24798583984375,74.0214614868164,76.37289428710938,76.37289428710938,765406705.0,76.37289428710938,1.2665119683010184,81.18443463351706,81.321287344738,57.00709431549239,88.83193742934972,106.49407956719944
2022-11-27,76.38352966308594,78.89019012451172,74.84988403320312,75.04431915283203,75.04431915283203,622191865.0,75.04431915283203,1.2444798543677196,76.36838998293467,76.74678381148124,57.07666284529889,88.50281385656905,106.51963880878606
2022-11-28,75.04519653320312,75.28052520751953,70.88888549804688,74.12022399902344,74.12022399902344,848737350.0,74.12022399902344,1.229155339262298,70.25434352405706,75.93572271350295,57.13334916328472,88.15970702497927,106.54269001059336
2022-11-29,74.08927154541016,77.37468719482422,73.67680358886719,75.98377227783203,75.98377227783203,784423812.0,75.98377227783203,1.2600590547840003,77.30066014928704,74.6411312187596,57.170851097732296,87.80385377439734,106.56872502679694
2022-11-30,75.98596954345703,79.78611755371094,75.76333618164062,79.2977066040039,79.2977066040039,730020088.0,79.2977066040039,1.3150149069281118,90.67303698527421,79.40934688620611,57.23033919621035,87.45120491132344,106.59757117876724
2022-12-01,79.29113006591797,79.94892120361328,76.67385864257812,77.51800537109375,77.51800537109375,662986878.0,77.51800537109375,1.2855016492138336,81.40370966257063,83.12580226571065,57.309848410184266,87.09105902893903,106.62652185344261
2022-12-02,77.52195739746094,77.95706939697266,75.7491683959961,77.95148468017578,77.95148468017578,458462393.0,77.95148468017578,1.2926901516018583,83.39635346569811,85.15770003784768,57.38361961072911,86.74711892114927,106.65626603740536
2022-12-03,77.9508285522461,77.95121765136719,75.7414321899414,76.59791564941406,76.59791564941406,348753640.0,76.59791564941406,1.2702435572520787,77.17418579876988,80.65808297567956,57.459787108207664,86.44163453611608,106.68494637023369
2022-12-04,76.58692932128906,77.21934509277344,75.92654418945312,77.21428680419922,77.21428680419922,322480996.0,77.21428680419922,1.2804650036400635,80.00755785661991,80.19269904036264,57.533376745838936,86.2064607907648,106.71409034032256
2022-12-05,77.20143127441406,83.82389068603516,76.93034362792969,80.26353454589844,80.26353454589844,974931920.0,80.26353454589844,1.3310314879304037,84.19123114577775,80.45765826705586,57.6265770750619,85.99784091270134,106.7456824995067
2022-12-06,80.25992584228516,81.64342498779297,77.9024658203125,79.92121887207031,79.92121887207031,561961413.0,79.92121887207031,1.325354776292234,72.1992208644839,78.79933662229386,57.711298082695635,85.77327844280086,106.77698909985965
2022-12-07,79.91864013671875,80.21939086914062,76.16535949707031,77.03605651855469,77.03605651855469,569587946.0,77.03605651855469,1.2775093635273045,47.52352960952969,67.97132720659714,57.78304970329577,85.53969815397916,106.80537550242524
2022-12-08,77.02951049804688,78.54460144042969,74.81533813476562,78.3898696899414,78.3898696899414,612007545.0,78.3898696899414,1.2999600065258405,57.98980427823951,59.237518250751044,57.87508900960287,85.30179789294935,106.83592401966112
2022-12-09,78.38641357421875,78.56754302978516,76.09815979003906,76.33456420898438,76.33456420898438,440676994.0,76.33456420898438,1.2658763304461962,42.10032104196195,49.204551643243725,57.96316874352961,85.09505614189253,106.86486495379444
2022-12-10,76.34083557128906,77.32261657714844,75.98724365234375,76.3709945678711,76.3709945678711,272669009.0,76.3709945678711,1.2664804647528793,42.38196266759151,47.490695995931,58.07088774800952,84.89717312120412,106.89447709697566
2022-12-11,76.37084197998047,78.26119232177734,76.37084197998047,76.6280517578125,76.6280517578125,286405662.0,76.6280517578125,1.270743312333,44.369261367557364,42.95051502570362,58.20387349363233,84.67412143864044,106.92419936471879
2022-12-12,76.625244140625,76.625244140625,73.81819915771484,76.22152709960938,76.22152709960938,463127138.0,76.22152709960938,1.264001806071784,25.07836472057498,37.2765295852413,58.35683864322517,84.44677229580815,106.95321392773494
2022-12-13,76.2125244140625,79.5179672241211,74.82292938232422,77.344482421875,77.344482421875,680106244.0,77.344482421875,1.2826240721099167,35.24277411690429,34.896800068345556,58.54287242368271,84.2626862094827,106.98391922031908
2022-12-14,77.35295867919922,78.9631576538086,75.3160400390625,75.47586059570312,75.47586059570312,583539478.0,75.47586059570312,1.2516362206062368,16.567185119553233,25.62944131901085,58.70322130547195,84.06925568254027,107.01288637309314
2022-12-15,75.47409057617188,75.47409057617188,72.1849136352539,72.3354721069336,72.3354721069336,471322636.0,72.3354721069336,1.1995583251268631,1.293571342419491,17.701176859625686,58.82258578858089,83.84684489001967,107.0420746946988
2022-12-16,72.34021759033203,73.45869445800781,65.80487823486328,66.32679748535156,66.32679748535156,725577784.0,66.32679748535156,1.0999148797278753,2.896491979805131,6.919082813925965,58.94076654819843,83.62050261824098,107.06878096872269
2022-12-17,66.33074188232422,67.53433227539062,63.48716735839844,64.9578857421875,64.9578857421875,688308693.0,64.9578857421875,1.077213853107784,7.2318355326711865,3.8072996182986167,59.035154373919376,83.40302173144197,107.09086255809488
2022-12-18,64.9636459350586,65.63925170898438,63.55735397338867,64.55413055419922,64.55413055419922,335700601.0,64.55413055419922,1.0705182737059031,5.246485279911464,5.124937597462608,59.129727452179125,83.17220727580867,107.11335921091576
2022-12-19,64.56124114990234,64.83087158203125,61.860809326171875,63.3414306640625,63.3414306640625,461264127.0,63.3414306640625,1.0504077496888145,7.484456874745223,6.654259229109305,59.179007587537086,82.92635465648077,107.13441060209928
2022-12-20,63.351200103759766,65.95455169677734,63.235496520996094,65.74638366699219,65.74638366699219,519783204.0,65.74638366699219,1.0902897233896074,21.164894094492116,11.298612083049614,59.249175837782566,82.68832097510769,107.15792617623664
2022-12-21,65.7381362915039,66.65327453613281,64.90047454833984,65.39140319824219,65.39140319824219,375489125.0,65.39140319824219,1.0844029880971768,19.99525570579154,16.214868891676307,59.314114221458226,82.44301771399093,107.17931997743372
2022-12-22,65.39942169189453,66.5145492553711,64.51705169677734,66.15167236328125,66.15167236328125,368489876.0,66.15167236328125,1.0970107333664918,24.300983555273838,21.820377785185844,59.39086984936657,82.19831681970048,107.20242883516774
2022-12-23,66.15280151367188,66.59639739990234,65.45034790039062,65.77222442626953,65.77222442626953,306694378.0,65.77222442626953,1.090718247556463,22.152008396277328,22.149415885780915,59.44556597933743,81.9307078635856,107.22534591988341
2022-12-24,65.77223205566406,66.01224517822266,65.26317596435547,65.77478790283203,65.77478790283203,178396939.0,65.77478790283203,1.0907607583684098,22.166526455057316,22.873172802202845,59.499022291006284,81.66866334889033,107.24830959616186
2022-12-25,65.77474975585938,69.36314392089844,65.54060363769531,69.20626831054688,69.20626831054688,335124962.0,69.20626831054688,1.1476659083686613,41.600460429864164,28.639665093732948,59.5549585728046,81.42598025178256,107.27473903116027
2022-12-26,69.20682525634766,70.8349380493164,68.71089172363281,70.68474578857422,70.68474578857422,457389047.0,70.68474578857422,1.1721838926386534,49.9737076227154,37.91356483587898,59.63041541094337,81.19226081534607,107.30168567291678
2022-12-27,70.67948150634766,70.84424591064453,67.97071075439453,68.74790954589844,68.74790954589844,440850738.0,68.74790954589844,1.1400648233682606,40.26990965092952,43.94802590116971,59.70048291565942,80.95353940153775,107.32534356139021
2022-12-28,68.7469482421875,69.21504211425781,66.10697174072266,66.33906555175781,66.33906555175781,457672812.0,66.33906555175781,1.100118324327906,32.8962293758967,41.046615549847225,59.77440343137647,80.73560020760314,107.34604530334472
2022-12-29,66.34163665771484,67.1692886352539,65.92817687988281,66.7510757446289,66.7510757446289,337784432.0,66.7510757446289,1.106950798665877,42.165156516625245,38.4437651811505,59.84723696682622,80.5198151575376,107.36796652563086
2022-12-30,66.74835205078125,68.33097839355469,66.3155288696289,67.99403381347656,67.99403381347656,324391932.0,67.99403381347656,1.1275631020882653,68.27258621612143,47.77799070288114,59.92562824520257,80.29983713855482,107.39230804269172
2022-12-31,66.74835205078125,68.33097839355469,66.3155288696289,67.99403381347656,67.99403381347656,324391932.0,67.99403381347656,1.1275631020882653,68.27258621612143,59.570109649622715,60.01786208022487,80.08471191615274,107.41603070437635
